330.0431 
330.0343 
330.0254 
330.0166 
330.0078 
329.9989 
329.9901 
329.9812 
329.9724 
329.9636 
329.9547 
329.9459 
329.9370 
329.9282 
329.9194 
329.9105 
329.9017 
329.8928 
329.8840 
329.8751 
329.8663 
329.8574 
329.8486 
329.8397 
329.8309 
329.8220 
329.8132 
329.8043 
329.7955 
329.7866 
329.7778 
329.7689 
329.7600 
329.7512 
329.7423 
329.7335 
329.7246 
329.7158 
329.7069 
329.6980 
329.6892 
329.6803 
329.6715 
329.6626 
329.6537 
329.6449 
329.6360 
329.6271 
329.6183 
329.6094 
329.6005 
329.5917 
329.5828 
329.5739 
329.5651 
329.5562 
329.5473 
329.5384 
329.5296 
329.5207 
329.5118 
329.5030 
329.4941 
329.4852 
329.4763 
329.4675 
329.4586 
329.4497 
329.4408 
329.4319 
329.4231 
329.4142 
329.4053 
329.3964 
329.3875 
329.3787 
329.3698 
329.3609 
329.3520 
329.3431 
329.3342 
329.3253 
329.3165 
329.3076 
329.2987 
329.2898 
329.2809 
329.2720 
329.2631 
329.2542 
329.2453 
329.2364 
329.2275 
329.2187 
329.2098 
329.2009 
329.1920 
329.1831 
329.1742 
329.1653 
329.1564 
329.1475 
329.1386 
329.1297 
329.1208 
329.1119 
329.1030 
329.0941 
329.0852 
329.0763 
329.0674 
329.0585 
329.0495 
329.0406 
329.0317 
329.0228 
329.0139 
329.0050 
328.9961 
328.9872 
328.9783 
328.9694 
328.9604 
328.9515 
328.9426 
328.9337 
328.9248 
328.9159 
328.9070 
328.8980 
328.8891 
328.8802 
328.8713 
328.8624 
328.8534 
328.8445 
328.8356 
328.8267 
328.8178 
328.8088 
328.7999 
328.7910 
328.7821 
328.7731 
328.7642 
328.7553 
328.7463 
328.7374 
328.7285 
328.7196 
328.7106 
328.7017 
328.6928 
328.6838 
328.6749 
328.6660 
328.6570 
328.6481 
328.6392 
328.6302 
328.6213 
328.6124 
328.6034 
328.5945 
328.5855 
328.5766 
328.5677 
328.5587 
328.5498 
328.5408 
328.5319 
328.5229 
328.5140 
328.5050 
328.4961 
328.4872 
328.4782 
328.4693 
328.4603 
328.4514 
328.4424 
328.4335 
328.4245 
328.4156 
328.4066 
328.3977 
328.3887 
328.3797 
328.3708 
328.3618 
328.3529 
328.3439 
328.3350 
328.3260 
328.3170 
328.3081 
328.2991 
328.2902 
328.2812 
328.2722 
328.2633 
328.2543 
328.2454 
328.2364 
328.2274 
328.2185 
328.2095 
328.2005 
328.1916 
328.1826 
328.1736 
328.1646 
328.1557 
328.1467 
328.1377 
328.1288 
328.1198 
328.1108 
328.1018 
328.0929 
328.0839 
328.0749 
328.0659 
328.0570 
328.0480 
328.0390 
328.0300 
328.0210 
328.0121 
328.0031 
327.9941 
327.9851 
327.9761 
327.9671 
327.9582 
327.9492 
327.9402 
327.9312 
327.9222 
327.9132 
327.9042 
327.8952 
327.8862 
327.8773 
327.8683 
327.8593 
327.8503 
327.8413 
327.8323 
327.8233 
327.8143 
327.8053 
327.7963 
327.7873 
327.7783 
327.7693 
327.7603 
327.7513 
327.7423 
327.7333 
327.7243 
327.7153 
327.7063 
327.6973 
327.6883 
327.6793 
327.6703 
327.6613 
327.6523 
327.6433 
327.6343 
327.6252 
327.6162 
327.6072 
327.5982 
327.5892 
327.5802 
327.5712 
327.5622 
327.5531 
327.5441 
327.5351 
327.5261 
327.5171 
327.5081 
327.4990 
327.4900 
327.4810 
327.4720 
327.4630 
327.4539 
327.4449 
327.4359 
327.4269 
327.4178 
327.4088 
327.3998 
327.3908 
327.3817 
327.3727 
327.3637 
327.3547 
327.3456 
327.3366 
327.3276 
327.3185 
327.3095 
327.3005 
327.2914 
327.2824 
327.2734 
327.2643 
327.2553 
327.2463 
327.2372 
327.2282 
327.2191 
327.2101 
327.2011 
327.1920 
327.1830 
327.1739 
327.1649 
327.1558 
327.1468 
327.1378 
327.1287 
327.1197 
327.1106 
327.1016 
327.0925 
327.0835 
327.0744 
327.0654 
327.0563 
327.0473 
327.0382 
327.0292 
327.0201 
327.0110 
327.0020 
326.9929 
326.9839 
326.9748 
326.9658 
326.9567 
326.9476 
326.9386 
326.9295 
326.9205 
326.9114 
326.9023 
326.8933 
326.8842 
326.8752 
326.8661 
326.8570 
326.8480 
326.8389 
326.8298 
326.8207 
326.8117 
326.8026 
326.7935 
326.7845 
326.7754 
326.7663 
326.7572 
326.7482 
326.7391 
326.7300 
326.7209 
326.7119 
326.7028 
326.6937 
326.6846 
326.6756 
326.6665 
326.6574 
326.6483 
326.6392 
326.6302 
326.6211 
326.6120 
326.6029 
326.5938 
326.5847 
326.5756 
326.5666 
326.5575 
326.5484 
326.5393 
326.5302 
326.5211 
326.5120 
326.5029 
326.4938 
326.4847 
326.4756 
326.4665 
326.4574 
326.4484 
326.4393 
326.4302 
326.4211 
326.4120 
326.4029 
326.3938 
326.3847 
326.3756 
326.3665 
326.3574 
326.3482 
326.3391 
326.3300 
326.3209 
326.3118 
326.3027 
326.2936 
326.2845 
326.2754 
326.2663 
326.2572 
326.2481 
326.2389 
326.2298 
326.2207 
326.2116 
326.2025 
326.1934 
326.1843 
326.1751 
326.1660 
326.1569 
326.1478 
326.1387 
326.1296 
326.1204 
326.1113 
326.1022 
326.0931 
326.0839 
326.0748 
326.0657 
326.0566 
326.0474 
326.0383 
326.0292 
326.0201 
326.0109 
326.0018 
325.9927 
325.9835 
325.9744 
325.9653 
325.9561 
325.9470 
325.9379 
325.9287 
325.9196 
325.9105 
325.9013 
325.8922 
325.8830 
325.8739 
325.8648 
325.8556 
325.8465 
325.8373 
325.8282 
325.8191 
325.8099 
325.8008 
325.7916 
325.7825 
325.7733 
325.7642 
325.7550 
325.7459 
325.7367 
325.7276 
325.7184 
325.7093 
325.7001 
325.6910 
325.6818 
325.6727 
325.6635 
325.6544 
325.6452 
325.6360 
325.6269 
325.6177 
325.6086 
325.5994 
325.5902 
325.5811 
325.5719 
325.5628 
325.5536 
325.5444 
325.5353 
325.5261 
325.5169 
325.5078 
325.4986 
325.4894 
325.4803 
325.4711 
325.4619 
325.4527 
325.4436 
325.4344 
325.4252 
325.4161 
325.4069 
325.3977 
325.3885 
325.3794 
325.3702 
325.3610 
325.3518 
325.3426 
325.3335 
325.3243 
325.3151 
325.3059 
325.2967 
325.2875 
325.2784 
325.2692 
325.2600 
325.2508 
325.2416 
325.2324 
325.2232 
325.2140 
325.2049 
325.1957 
325.1865 
325.1773 
325.1681 
325.1589 
325.1497 
325.1405 
325.1313 
325.1221 
325.1129 
325.1037 
325.0945 
325.0853 
325.0761 
325.0669 
325.0577 
325.0485 
325.0393 
325.0301 
325.0209 
325.0117 
325.0025 
324.9933 
324.9841 
324.9749 
324.9657 
324.9565 
324.9473 
324.9380 
324.9288 
324.9196 
324.9104 
324.9012 
324.8920 
324.8828 
324.8735 
324.8643 
324.8551 
324.8459 
324.8367 
324.8275 
324.8182 
324.8090 
324.7998 
324.7906 
324.7814 
324.7721 
324.7629 
324.7537 
324.7445 
324.7352 
324.7260 
324.7168 
324.7076 
324.6983 
324.6891 
324.6799 
324.6706 
324.6614 
324.6522 
324.6429 
324.6337 
324.6245 
324.6152 
324.6060 
324.5968 
324.5875 
324.5783 
324.5690 
324.5598 
324.5506 
324.5413 
324.5321 
324.5228 
324.5136 
324.5044 
324.4951 
324.4859 
324.4766 
324.4674 
324.4581 
324.4489 
324.4396 
324.4304 
324.4211 
324.4119 
324.4026 
324.3934 
324.3841 
324.3749 
324.3656 
324.3564 
324.3471 
324.3378 
324.3286 
324.3193 
324.3101 
324.3008 
324.2916 
324.2823 
324.2730 
324.2638 
324.2545 
324.2452 
324.2360 
324.2267 
324.2174 
324.2082 
324.1989 
324.1896 
324.1804 
324.1711 
324.1618 
324.1526 
324.1433 
324.1340 
324.1247 
324.1155 
324.1062 
324.0969 
324.0876 
324.0784 
324.0691 
324.0598 
324.0505 
324.0413 
324.0320 
324.0227 
324.0134 
324.0041 
323.9948 
323.9856 
323.9763 
323.9670 
323.9577 
323.9484 
323.9391 
323.9298 
323.9206 
323.9113 
323.9020 
323.8927 
323.8834 
323.8741 
323.8648 
323.8555 
323.8462 
323.8369 
323.8276 
323.8183 
323.8090 
323.7997 
323.7904 
323.7811 
323.7718 
323.7625 
323.7532 
323.7439 
323.7346 
323.7253 
323.7160 
323.7067 
323.6974 
323.6881 
323.6788 
323.6695 
323.6602 
323.6509 
323.6416 
323.6322 
323.6229 
323.6136 
323.6043 
323.5950 
323.5857 
323.5764 
323.5670 
323.5577 
323.5484 
323.5391 
323.5298 
323.5205 
323.5111 
323.5018 
323.4925 
323.4832 
323.4738 
323.4645 
323.4552 
323.4459 
323.4365 
323.4272 
323.4179 
323.4086 
323.3992 
323.3899 
323.3806 
323.3712 
323.3619 
323.3526 
323.3432 
323.3339 
323.3246 
323.3152 
323.3059 
323.2966 
323.2872 
323.2779 
323.2685 
323.2592 
323.2499 
323.2405 
323.2312 
323.2218 
323.2125 
323.2031 
323.1938 
323.1844 
323.1751 
323.1657 
323.1564 
323.1470 
323.1377 
323.1283 
323.1190 
323.1096 
323.1003 
323.0909 
323.0816 
323.0722 
323.0629 
323.0535 
323.0442 
323.0348 
323.0254 
323.0161 
323.0067 
322.9974 
322.9880 
322.9786 
322.9693 
322.9599 
322.9505 
322.9412 
322.9318 
322.9224 
322.9131 
322.9037 
322.8943 
322.8850 
322.8756 
322.8662 
322.8569 
322.8475 
322.8381 
322.8287 
322.8194 
322.8100 
322.8006 
322.7912 
322.7818 
322.7725 
322.7631 
322.7537 
322.7443 
322.7349 
322.7256 
322.7162 
322.7068 
322.6974 
322.6880 
322.6786 
322.6693 
322.6599 
322.6505 
322.6411 
322.6317 
322.6223 
322.6129 
322.6035 
322.5941 
322.5847 
322.5753 
322.5659 
322.5565 
322.5471 
322.5378 
322.5284 
322.5190 
322.5096 
322.5002 
322.4908 
322.4814 
322.4719 
322.4625 
322.4531 
322.4437 
322.4343 
322.4249 
322.4155 
322.4061 
322.3967 
322.3873 
322.3779 
322.3685 
322.3591 
322.3496 
322.3402 
322.3308 
322.3214 
322.3120 
322.3026 
322.2932 
322.2837 
322.2743 
322.2649 
322.2555 
322.2461 
322.2366 
322.2272 
322.2178 
322.2084 
322.1989 
322.1895 
322.1801 
322.1707 
322.1612 
322.1518 
322.1424 
322.1329 
322.1235 
322.1141 
322.1047 
322.0952 
322.0858 
322.0764 
322.0669 
322.0575 
322.0480 
322.0386 
322.0292 
322.0197 
322.0103 
322.0008 
321.9914 
321.9820 
321.9725 
321.9631 
321.9536 
321.9442 
321.9347 
321.9253 
321.9159 
321.9064 
321.8970 
321.8875 
321.8781 
321.8686 
321.8592 
321.8497 
321.8402 
321.8308 
321.8213 
321.8119 
321.8024 
321.7930 
321.7835 
321.7740 
321.7646 
321.7551 
321.7457 
321.7362 
321.7267 
321.7173 
321.7078 
321.6984 
321.6889 
321.6794 
321.6700 
321.6605 
321.6510 
321.6415 
321.6321 
321.6226 
321.6131 
321.6037 
321.5942 
321.5847 
321.5752 
321.5658 
321.5563 
321.5468 
321.5373 
321.5279 
321.5184 
321.5089 
321.4994 
321.4899 
321.4805 
321.4710 
321.4615 
321.4520 
321.4425 
321.4330 
321.4235 
321.4141 
321.4046 
321.3951 
321.3856 
321.3761 
321.3666 
321.3571 
321.3476 
321.3381 
321.3286 
321.3191 
321.3096 
321.3001 
321.2906 
321.2811 
321.2716 
321.2621 
321.2526 
321.2431 
321.2336 
321.2241 
321.2146 
321.2051 
321.1956 
321.1861 
321.1766 
321.1671 
321.1576 
321.1481 
321.1386 
321.1291 
321.1195 
321.1100 
321.1005 
321.0910 
321.0815 
321.0720 
321.0625 
321.0529 
321.0434 
321.0339 
321.0244 
321.0149 
321.0053 
320.9958 
320.9863 
320.9768 
320.9673 
320.9577 
320.9482 
320.9387 
320.9292 
320.9196 
320.9101 
320.9006 
320.8910 
320.8815 
320.8720 
320.8624 
320.8529 
320.8434 
320.8338 
320.8243 
320.8148 
320.8052 
320.7957 
320.7862 
320.7766 
320.7671 
320.7575 
320.7480 
320.7384 
320.7289 
320.7194 
320.7098 
320.7003 
320.6907 
320.6812 
320.6716 
320.6621 
320.6525 
320.6430 
320.6334 
320.6239 
320.6143 
320.6048 
320.5952 
320.5857 
320.5761 
320.5665 
320.5570 
320.5474 
320.5379 
320.5283 
320.5187 
320.5092 
320.4996 
320.4901 
320.4805 
320.4709 
320.4614 
320.4518 
320.4422 
320.4327 
320.4231 
320.4135 
320.4040 
320.3944 
320.3848 
320.3752 
320.3657 
320.3561 
320.3465 
320.3369 
320.3274 
320.3178 
320.3082 
320.2986 
320.2890 
320.2795 
320.2699 
320.2603 
320.2507 
320.2411 
320.2316 
320.2220 
320.2124 
320.2028 
320.1932 
320.1836 
320.1740 
320.1644 
320.1548 
320.1453 
320.1357 
320.1261 
320.1165 
320.1069 
320.0973 
320.0877 
320.0781 
320.0685 
320.0589 
320.0493 
320.0397 
320.0301 
320.0205 
320.0109 
320.0013 
319.9917 
319.9821 
319.9725 
319.9629 
319.9533 
319.9436 
319.9340 
319.9244 
319.9148 
319.9052 
319.8956 
319.8860 
319.8764 
319.8668 
319.8571 
319.8475 
319.8379 
319.8283 
319.8187 
319.8090 
319.7994 
319.7898 
319.7802 
319.7706 
319.7609 
319.7513 
319.7417 
319.7321 
319.7224 
319.7128 
319.7032 
319.6936 
319.6839 
319.6743 
319.6647 
319.6550 
319.6454 
319.6358 
319.6261 
319.6165 
319.6069 
319.5972 
319.5876 
319.5779 
319.5683 
319.5587 
319.5490 
319.5394 
319.5297 
319.5201 
319.5104 
319.5008 
319.4912 
319.4815 
319.4719 
319.4622 
319.4526 
319.4429 
319.4333 
319.4236 
319.4140 
319.4043 
319.3946 
319.3850 
319.3753 
319.3657 
319.3560 
319.3464 
319.3367 
319.3270 
319.3174 
319.3077 
319.2981 
319.2884 
319.2787 
319.2691 
319.2594 
319.2497 
319.2401 
319.2304 
319.2207 
319.2111 
319.2014 
319.1917 
319.1821 
319.1724 
319.1627 
319.1530 
319.1434 
319.1337 
319.1240 
319.1143 
319.1046 
319.0950 
319.0853 
319.0756 
319.0659 
319.0562 
319.0466 
319.0369 
319.0272 
319.0175 
319.0078 
318.9981 
318.9884 
318.9788 
318.9691 
318.9594 
318.9497 
318.9400 
318.9303 
318.9206 
318.9109 
318.9012 
318.8915 
318.8818 
318.8721 
318.8624 
318.8527 
318.8430 
318.8333 
318.8236 
318.8139 
318.8042 
318.7945 
318.7848 
318.7751 
318.7654 
318.7557 
318.7460 
318.7363 
318.7266 
318.7168 
318.7071 
318.6974 
318.6877 
318.6780 
318.6683 
318.6586 
318.6488 
318.6391 
318.6294 
318.6197 
318.6100 
318.6002 
318.5905 
318.5808 
318.5711 
318.5613 
318.5516 
318.5419 
318.5322 
318.5224 
318.5127 
318.5030 
318.4933 
318.4835 
318.4738 
318.4641 
318.4543 
318.4446 
318.4349 
318.4251 
318.4154 
318.4056 
318.3959 
318.3862 
318.3764 
318.3667 
318.3569 
318.3472 
318.3375 
318.3277 
318.3180 
318.3082 
318.2985 
318.2887 
318.2790 
318.2692 
318.2595 
318.2497 
318.2400 
318.2302 
318.2205 
318.2107 
318.2010 
318.1912 
318.1814 
318.1717 
318.1619 
318.1522 
318.1424 
318.1327 
318.1229 
318.1131 
318.1034 
318.0936 
318.0838 
318.0741 
318.0643 
318.0545 
318.0448 
318.0350 
318.0252 
318.0155 
318.0057 
317.9959 
317.9861 
317.9764 
317.9666 
317.9568 
317.9470 
317.9373 
317.9275 
317.9177 
317.9079 
317.8981 
317.8884 
317.8786 
317.8688 
317.8590 
317.8492 
317.8394 
317.8296 
317.8199 
317.8101 
317.8003 
317.7905 
317.7807 
317.7709 
317.7611 
317.7513 
317.7415 
317.7317 
317.7219 
317.7121 
317.7023 
317.6925 
317.6827 
317.6729 
317.6631 
317.6533 
317.6435 
317.6337 
317.6239 
317.6141 
317.6043 
317.5945 
317.5847 
317.5749 
317.5651 
317.5553 
317.5455 
317.5356 
317.5258 
317.5160 
317.5062 
317.4964 
317.4866 
317.4768 
317.4669 
317.4571 
317.4473 
317.4375 
317.4277 
317.4178 
317.4080 
317.3982 
317.3884 
317.3785 
317.3687 
317.3589 
317.3491 
317.3392 
317.3294 
317.3196 
317.3097 
317.2999 
317.2901 
317.2802 
317.2704 
317.2606 
317.2507 
317.2409 
317.2310 
317.2212 
317.2114 
317.2015 
317.1917 
317.1818 
317.1720 
317.1621 
317.1523 
317.1425 
317.1326 
317.1228 
317.1129 
317.1031 
317.0932 
317.0834 
317.0735 
317.0637 
317.0538 
317.0439 
317.0341 
317.0242 
317.0144 
317.0045 
316.9947 
316.9848 
316.9749 
316.9651 
316.9552 
316.9453 
316.9355 
316.9256 
316.9158 
316.9059 
316.8960 
316.8861 
316.8763 
316.8664 
316.8565 
316.8467 
316.8368 
316.8269 
316.8170 
316.8072 
316.7973 
316.7874 
316.7775 
316.7677 
316.7578 
316.7479 
316.7380 
316.7281 
316.7182 
316.7084 
316.6985 
316.6886 
316.6787 
316.6688 
316.6589 
316.6490 
316.6391 
316.6293 
316.6194 
316.6095 
316.5996 
316.5897 
316.5798 
316.5699 
316.5600 
316.5501 
316.5402 
316.5303 
316.5204 
316.5105 
316.5006 
316.4907 
316.4808 
316.4709 
316.4610 
316.4511 
316.4412 
316.4313 
316.4213 
316.4114 
316.4015 
316.3916 
316.3817 
316.3718 
316.3619 
316.3519 
316.3420 
316.3321 
316.3222 
316.3123 
316.3024 
316.2924 
316.2825 
316.2726 
316.2627 
316.2527 
316.2428 
316.2329 
316.2230 
316.2130 
316.2031 
316.1932 
316.1832 
316.1733 
316.1634 
316.1535 
316.1435 
316.1336 
316.1236 
316.1137 
316.1038 
316.0938 
316.0839 
316.0740 
316.0640 
316.0541 
316.0441 
316.0342 
316.0242 
316.0143 
316.0043 
315.9944 
315.9845 
315.9745 
315.9646 
315.9546 
315.9447 
315.9347 
315.9247 
315.9148 
315.9048 
315.8949 
315.8849 
315.8750 
315.8650 
315.8550 
315.8451 
315.8351 
315.8252 
315.8152 
315.8052 
315.7953 
315.7853 
315.7753 
315.7654 
315.7554 
315.7454 
315.7355 
315.7255 
315.7155 
315.7055 
315.6956 
315.6856 
315.6756 
315.6656 
315.6557 
315.6457 
315.6357 
315.6257 
315.6158 
315.6058 
315.5958 
315.5858 
315.5758 
315.5658 
315.5558 
315.5459 
315.5359 
315.5259 
315.5159 
315.5059 
315.4959 
315.4859 
315.4759 
315.4659 
315.4559 
315.4459 
315.4359 
315.4259 
315.4159 
315.4059 
315.3959 
315.3859 
315.3759 
315.3659 
315.3559 
315.3459 
315.3359 
315.3259 
315.3159 
315.3059 
315.2959 
315.2859 
315.2759 
315.2659 
315.2558 
315.2458 
315.2358 
315.2258 
315.2158 
315.2058 
315.1957 
315.1857 
315.1757 
315.1657 
315.1557 
315.1456 
315.1356 
315.1256 
315.1156 
315.1055 
315.0955 
315.0855 
315.0754 
315.0654 
315.0554 
315.0454 
315.0353 
315.0253 
315.0153 
315.0052 
314.9952 
314.9851 
314.9751 
314.9651 
314.9550 
314.9450 
314.9349 
314.9249 
314.9149 
314.9048 
314.8948 
314.8847 
314.8747 
314.8646 
314.8546 
314.8445 
314.8345 
314.8244 
314.8144 
314.8043 
314.7943 
314.7842 
314.7741 
314.7641 
314.7540 
314.7440 
314.7339 
314.7238 
314.7138 
314.7037 
314.6937 
314.6836 
314.6735 
314.6635 
314.6534 
314.6433 
314.6333 
314.6232 
314.6131 
314.6030 
314.5930 
314.5829 
314.5728 
314.5627 
314.5527 
314.5426 
314.5325 
314.5224 
314.5124 
314.5023 
314.4922 
314.4821 
314.4720 
314.4619 
314.4518 
314.4418 
314.4317 
314.4216 
314.4115 
314.4014 
314.3913 
314.3812 
314.3711 
314.3610 
314.3509 
314.3408 
314.3307 
314.3206 
314.3105 
314.3004 
314.2903 
314.2802 
314.2701 
314.2600 
314.2499 
314.2398 
314.2297 
314.2196 
314.2095 
314.1994 
314.1893 
314.1792 
314.1691 
314.1590 
314.1488 
314.1387 
314.1286 
314.1185 
314.1084 
314.0983 
314.0881 
314.0780 
314.0679 
314.0578 
314.0477 
314.0375 
314.0274 
314.0173 
314.0072 
313.9970 
313.9869 
313.9768 
313.9666 
313.9565 
313.9464 
313.9362 
313.9261 
313.9160 
313.9058 
313.8957 
313.8856 
313.8754 
313.8653 
313.8551 
313.8450 
313.8349 
313.8247 
313.8146 
313.8044 
313.7943 
313.7841 
313.7740 
313.7638 
313.7537 
313.7435 
313.7334 
313.7232 
313.7131 
313.7029 
313.6928 
313.6826 
313.6725 
313.6623 
313.6521 
313.6420 
313.6318 
313.6217 
313.6115 
313.6013 
313.5912 
313.5810 
313.5708 
313.5607 
313.5505 
313.5403 
313.5302 
313.5200 
313.5098 
313.4996 
313.4895 
313.4793 
313.4691 
313.4589 
313.4488 
313.4386 
313.4284 
313.4182 
313.4080 
313.3978 
313.3877 
313.3775 
313.3673 
313.3571 
313.3469 
313.3367 
313.3265 
313.3164 
313.3062 
313.2960 
313.2858 
313.2756 
313.2654 
313.2552 
313.2450 
313.2348 
313.2246 
313.2144 
313.2042 
313.1940 
313.1838 
313.1736 
313.1634 
313.1532 
313.1430 
313.1328 
313.1226 
313.1123 
313.1021 
313.0919 
313.0817 
313.0715 
313.0613 
313.0511 
313.0409 
313.0306 
313.0204 
313.0102 
313.0000 
312.9898 
312.9795 
312.9693 
312.9591 
312.9489 
312.9386 
312.9284 
312.9182 
312.9080 
312.8977 
312.8875 
312.8773 
312.8670 
312.8568 
312.8466 
312.8363 
312.8261 
312.8159 
312.8056 
312.7954 
312.7851 
312.7749 
312.7647 
312.7544 
312.7442 
312.7339 
312.7237 
312.7134 
312.7032 
312.6929 
312.6827 
312.6724 
312.6622 
312.6519 
312.6417 
312.6314 
312.6212 
312.6109 
312.6007 
312.5904 
312.5801 
312.5699 
312.5596 
312.5494 
312.5391 
312.5288 
312.5186 
312.5083 
312.4980 
312.4878 
312.4775 
312.4672 
312.4570 
312.4467 
312.4364 
312.4261 
312.4159 
312.4056 
312.3953 
312.3850 
312.3748 
312.3645 
312.3542 
312.3439 
312.3336 
312.3233 
312.3131 
312.3028 
312.2925 
312.2822 
312.2719 
312.2616 
312.2513 
312.2410 
312.2307 
312.2205 
312.2102 
312.1999 
312.1896 
312.1793 
312.1690 
312.1587 
312.1484 
312.1381 
312.1278 
312.1175 
312.1072 
312.0969 
312.0866 
312.0763 
312.0659 
312.0556 
312.0453 
312.0350 
312.0247 
312.0144 
312.0041 
311.9938 
311.9834 
311.9731 
311.9628 
311.9525 
311.9422 
311.9319 
311.9215 
311.9112 
311.9009 
311.8906 
311.8802 
311.8699 
311.8596 
311.8493 
311.8389 
311.8286 
311.8183 
311.8079 
311.7976 
311.7873 
311.7769 
311.7666 
311.7563 
311.7459 
311.7356 
311.7252 
311.7149 
311.7046 
311.6942 
311.6839 
311.6735 
311.6632 
311.6528 
311.6425 
311.6321 
311.6218 
311.6114 
311.6011 
311.5907 
311.5804 
311.5700 
311.5597 
311.5493 
311.5389 
311.5286 
311.5182 
311.5079 
311.4975 
311.4871 
311.4768 
311.4664 
311.4560 
311.4457 
311.4353 
311.4249 
311.4146 
311.4042 
311.3938 
311.3835 
311.3731 
311.3627 
311.3523 
311.3419 
311.3316 
311.3212 
311.3108 
311.3004 
311.2900 
311.2797 
311.2693 
311.2589 
311.2485 
311.2381 
311.2277 
311.2173 
311.2070 
311.1966 
311.1862 
311.1758 
311.1654 
311.1550 
311.1446 
311.1342 
311.1238 
311.1134 
311.1030 
311.0926 
311.0822 
311.0718 
311.0614 
311.0510 
311.0406 
311.0302 
311.0198 
311.0094 
310.9989 
310.9885 
310.9781 
310.9677 
310.9573 
310.9469 
310.9365 
310.9260 
310.9156 
310.9052 
310.8948 
310.8844 
310.8739 
310.8635 
310.8531 
310.8427 
310.8322 
310.8218 
310.8114 
310.8010 
310.7905 
310.7801 
310.7697 
310.7592 
310.7488 
310.7384 
310.7279 
310.7175 
310.7071 
310.6966 
310.6862 
310.6757 
310.6653 
310.6548 
310.6444 
310.6340 
310.6235 
310.6131 
310.6026 
310.5922 
310.5817 
310.5713 
310.5608 
310.5504 
310.5399 
310.5294 
310.5190 
310.5085 
310.4981 
310.4876 
310.4772 
310.4667 
310.4562 
310.4458 
310.4353 
310.4248 
310.4144 
310.4039 
310.3934 
310.3830 
310.3725 
310.3620 
310.3515 
310.3411 
310.3306 
310.3201 
310.3096 
310.2992 
310.2887 
310.2782 
310.2677 
310.2572 
310.2468 
310.2363 
310.2258 
310.2153 
310.2048 
310.1943 
310.1838 
310.1733 
310.1629 
310.1524 
310.1419 
310.1314 
310.1209 
310.1104 
310.0999 
310.0894 
310.0789 
310.0684 
310.0579 
310.0474 
310.0369 
310.0264 
310.0159 
310.0054 
309.9949 
309.9843 
309.9738 
309.9633 
309.9528 
309.9423 
309.9318 
309.9213 
309.9108 
309.9002 
309.8897 
309.8792 
309.8687 
309.8582 
309.8476 
309.8371 
309.8266 
309.8161 
309.8055 
309.7950 
309.7845 
309.7739 
309.7634 
309.7529 
309.7423 
309.7318 
309.7213 
309.7107 
309.7002 
309.6897 
309.6791 
309.6686 
309.6580 
309.6475 
309.6370 
309.6264 
309.6159 
309.6053 
309.5948 
309.5842 
309.5737 
309.5631 
309.5526 
309.5420 
309.5315 
309.5209 
309.5104 
309.4998 
309.4892 
309.4787 
309.4681 
309.4576 
309.4470 
309.4364 
309.4259 
309.4153 
309.4047 
309.3942 
309.3836 
309.3730 
309.3625 
309.3519 
309.3413 
309.3307 
309.3202 
309.3096 
309.2990 
309.2884 
309.2779 
309.2673 
309.2567 
309.2461 
309.2355 
309.2250 
309.2144 
309.2038 
309.1932 
309.1826 
309.1720 
309.1614 
309.1508 
309.1402 
309.1296 
309.1191 
309.1085 
309.0979 
309.0873 
309.0767 
309.0661 
309.0555 
309.0449 
309.0343 
309.0237 
309.0130 
309.0024 
308.9918 
308.9812 
308.9706 
308.9600 
308.9494 
308.9388 
308.9282 
308.9175 
308.9069 
308.8963 
308.8857 
308.8751 
308.8645 
308.8538 
308.8432 
308.8326 
308.8220 
308.8113 
308.8007 
308.7901 
308.7795 
308.7688 
308.7582 
308.7476 
308.7369 
308.7263 
308.7157 
308.7050 
308.6944 
308.6837 
308.6731 
308.6625 
308.6518 
308.6412 
308.6305 
308.6199 
308.6092 
308.5986 
308.5880 
308.5773 
308.5667 
308.5560 
308.5453 
308.5347 
308.5240 
308.5134 
308.5027 
308.4921 
308.4814 
308.4707 
308.4601 
308.4494 
308.4388 
308.4281 
308.4174 
308.4068 
308.3961 
308.3854 
308.3748 
308.3641 
308.3534 
308.3427 
308.3321 
308.3214 
308.3107 
308.3000 
308.2894 
308.2787 
308.2680 
308.2573 
308.2466 
308.2360 
308.2253 
308.2146 
308.2039 
308.1932 
308.1825 
308.1718 
308.1611 
308.1504 
308.1397 
308.1291 
308.1184 
308.1077 
308.0970 
308.0863 
308.0756 
308.0649 
308.0542 
308.0435 
308.0328 
308.0220 
308.0113 
308.0006 
307.9899 
307.9792 
307.9685 
307.9578 
307.9471 
307.9364 
307.9256 
307.9149 
307.9042 
307.8935 
307.8828 
307.8721 
307.8613 
307.8506 
307.8399 
307.8292 
307.8184 
307.8077 
307.7970 
307.7862 
307.7755 
307.7648 
307.7541 
307.7433 
307.7326 
307.7218 
307.7111 
307.7004 
307.6896 
307.6789 
307.6681 
307.6574 
307.6467 
307.6359 
307.6252 
307.6144 
307.6037 
307.5929 
307.5822 
307.5714 
307.5607 
307.5499 
307.5392 
307.5284 
307.5176 
307.5069 
307.4961 
307.4854 
307.4746 
307.4638 
307.4531 
307.4423 
307.4315 
307.4208 
307.4100 
307.3992 
307.3885 
307.3777 
307.3669 
307.3562 
307.3454 
307.3346 
307.3238 
307.3130 
307.3023 
307.2915 
307.2807 
307.2699 
307.2591 
307.2484 
307.2376 
307.2268 
307.2160 
307.2052 
307.1944 
307.1836 
307.1728 
307.1620 
307.1512 
307.1404 
307.1296 
307.1188 
307.1080 
307.0972 
307.0864 
307.0756 
307.0648 
307.0540 
307.0432 
307.0324 
307.0216 
307.0108 
307.0000 
306.9892 
306.9784 
306.9675 
306.9567 
306.9459 
306.9351 
306.9243 
306.9135 
306.9026 
306.8918 
306.8810 
306.8702 
306.8593 
306.8485 
306.8377 
306.8269 
306.8160 
306.8052 
306.7944 
306.7835 
306.7727 
306.7619 
306.7510 
306.7402 
306.7294 
306.7185 
306.7077 
306.6968 
306.6860 
306.6751 
306.6643 
306.6534 
306.6426 
306.6318 
306.6209 
306.6101 
306.5992 
306.5883 
306.5775 
306.5666 
306.5558 
306.5449 
306.5341 
306.5232 
306.5123 
306.5015 
306.4906 
306.4797 
306.4689 
306.4580 
306.4471 
306.4363 
306.4254 
306.4145 
306.4037 
306.3928 
306.3819 
306.3710 
306.3602 
306.3493 
306.3384 
306.3275 
306.3166 
306.3057 
306.2949 
306.2840 
306.2731 
306.2622 
306.2513 
306.2404 
306.2295 
306.2186 
306.2077 
306.1969 
306.1860 
306.1751 
306.1642 
306.1533 
306.1424 
306.1315 
306.1206 
306.1097 
306.0987 
306.0878 
306.0769 
306.0660 
306.0551 
306.0442 
306.0333 
306.0224 
306.0115 
306.0006 
305.9896 
305.9787 
305.9678 
305.9569 
305.9460 
305.9350 
305.9241 
305.9132 
305.9023 
305.8913 
305.8804 
305.8695 
305.8585 
305.8476 
305.8367 
305.8257 
305.8148 
305.8039 
305.7929 
305.7820 
305.7711 
305.7601 
305.7492 
305.7382 
305.7273 
305.7163 
305.7054 
305.6944 
305.6835 
305.6725 
305.6616 
305.6506 
305.6397 
305.6287 
305.6178 
305.6068 
305.5959 
305.5849 
305.5739 
305.5630 
305.5520 
305.5411 
305.5301 
305.5191 
305.5082 
305.4972 
305.4862 
305.4752 
305.4643 
305.4533 
305.4423 
305.4313 
305.4204 
305.4094 
305.3984 
305.3874 
305.3765 
305.3655 
305.3545 
305.3435 
305.3325 
305.3215 
305.3105 
305.2995 
305.2886 
305.2776 
305.2666 
305.2556 
305.2446 
305.2336 
305.2226 
305.2116 
305.2006 
305.1896 
305.1786 
305.1676 
305.1566 
305.1456 
305.1346 
305.1235 
305.1125 
305.1015 
305.0905 
305.0795 
305.0685 
305.0575 
305.0464 
305.0354 
305.0244 
305.0134 
305.0024 
304.9913 
304.9803 
304.9693 
304.9583 
304.9472 
304.9362 
304.9252 
304.9142 
304.9031 
304.8921 
304.8810 
304.8700 
304.8590 
304.8479 
304.8369 
304.8259 
304.8148 
304.8038 
304.7927 
304.7817 
304.7706 
304.7596 
304.7485 
304.7375 
304.7264 
304.7154 
304.7043 
304.6933 
304.6822 
304.6712 
304.6601 
304.6490 
304.6380 
304.6269 
304.6159 
304.6048 
304.5937 
304.5827 
304.5716 
304.5605 
304.5494 
304.5384 
304.5273 
304.5162 
304.5051 
304.4941 
304.4830 
304.4719 
304.4608 
304.4498 
304.4387 
304.4276 
304.4165 
304.4054 
304.3943 
304.3832 
304.3721 
304.3611 
304.3500 
304.3389 
304.3278 
304.3167 
304.3056 
304.2945 
304.2834 
304.2723 
304.2612 
304.2501 
304.2390 
304.2279 
304.2168 
304.2056 
304.1945 
304.1834 
304.1723 
304.1612 
304.1501 
304.1390 
304.1279 
304.1167 
304.1056 
304.0945 
304.0834 
304.0723 
304.0611 
304.0500 
304.0389 
304.0278 
304.0166 
304.0055 
303.9944 
303.9832 
303.9721 
303.9610 
303.9498 
303.9387 
303.9275 
303.9164 
303.9053 
303.8941 
303.8830 
303.8718 
303.8607 
303.8495 
303.8384 
303.8272 
303.8161 
303.8049 
303.7938 
303.7826 
303.7715 
303.7603 
303.7492 
303.7380 
303.7268 
303.7157 
303.7045 
303.6934 
303.6822 
303.6710 
303.6599 
303.6487 
303.6375 
303.6263 
303.6152 
303.6040 
303.5928 
303.5816 
303.5705 
303.5593 
303.5481 
303.5369 
303.5257 
303.5146 
303.5034 
303.4922 
303.4810 
303.4698 
303.4586 
303.4474 
303.4362 
303.4250 
303.4138 
303.4026 
303.3914 
303.3802 
303.3690 
303.3578 
303.3466 
303.3354 
303.3242 
303.3130 
303.3018 
303.2906 
303.2794 
303.2682 
303.2570 
303.2458 
303.2345 
303.2233 
303.2121 
303.2009 
303.1897 
303.1784 
303.1672 
303.1560 
303.1448 
303.1335 
303.1223 
303.1111 
303.0999 
303.0886 
303.0774 
303.0662 
303.0549 
303.0437 
303.0325 
303.0212 
303.0100 
302.9987 
302.9875 
302.9762 
302.9650 
302.9538 
302.9425 
302.9313 
302.9200 
302.9088 
302.8975 
302.8862 
302.8750 
302.8637 
302.8525 
302.8412 
302.8300 
302.8187 
302.8074 
302.7962 
302.7849 
302.7736 
302.7624 
302.7511 
302.7398 
302.7286 
302.7173 
302.7060 
302.6947 
302.6835 
302.6722 
302.6609 
302.6496 
302.6383 
302.6271 
302.6158 
302.6045 
302.5932 
302.5819 
302.5706 
302.5593 
302.5480 
302.5367 
302.5255 
302.5142 
302.5029 
302.4916 
302.4803 
302.4690 
302.4577 
302.4464 
302.4350 
302.4237 
302.4124 
302.4011 
302.3898 
302.3785 
302.3672 
302.3559 
302.3446 
302.3332 
302.3219 
302.3106 
302.2993 
302.2880 
302.2766 
302.2653 
302.2540 
302.2427 
302.2313 
302.2200 
302.2087 
302.1974 
302.1860 
302.1747 
302.1634 
302.1520 
302.1407 
302.1293 
302.1180 
302.1067 
302.0953 
302.0840 
302.0726 
302.0613 
302.0499 
302.0386 
302.0272 
302.0159 
302.0045 
301.9932 
301.9818 
301.9704 
301.9591 
301.9477 
301.9364 
301.9250 
301.9136 
301.9023 
301.8909 
301.8795 
301.8682 
301.8568 
301.8454 
301.8341 
301.8227 
301.8113 
301.7999 
301.7886 
301.7772 
301.7658 
301.7544 
301.7430 
301.7316 
301.7203 
301.7089 
301.6975 
301.6861 
301.6747 
301.6633 
301.6519 
301.6405 
301.6291 
301.6177 
301.6063 
301.5949 
301.5835 
301.5721 
301.5607 
301.5493 
301.5379 
301.5265 
301.5151 
301.5037 
301.4923 
301.4809 
301.4694 
301.4580 
301.4466 
301.4352 
301.4238 
301.4123 
301.4009 
301.3895 
301.3781 
301.3666 
301.3552 
301.3438 
301.3324 
301.3209 
301.3095 
301.2981 
301.2866 
301.2752 
301.2638 
301.2523 
301.2409 
301.2294 
301.2180 
301.2065 
301.1951 
301.1836 
301.1722 
301.1607 
301.1493 
301.1378 
301.1264 
301.1149 
301.1035 
301.0920 
301.0806 
301.0691 
301.0576 
301.0462 
301.0347 
301.0232 
301.0118 
301.0003 
300.9888 
300.9774 
300.9659 
300.9544 
300.9429 
300.9315 
300.9200 
300.9085 
300.8970 
300.8855 
300.8741 
300.8626 
300.8511 
300.8396 
300.8281 
300.8166 
300.8051 
300.7936 
300.7821 
300.7707 
300.7592 
300.7477 
300.7362 
300.7247 
300.7132 
300.7016 
300.6901 
300.6786 
300.6671 
300.6556 
300.6441 
300.6326 
300.6211 
300.6096 
300.5981 
300.5865 
300.5750 
300.5635 
300.5520 
300.5405 
300.5289 
300.5174 
300.5059 
300.4944 
300.4828 
300.4713 
300.4598 
300.4482 
300.4367 
300.4252 
300.4136 
300.4021 
300.3905 
300.3790 
300.3675 
300.3559 
300.3444 
300.3328 
300.3213 
300.3097 
300.2982 
300.2866 
300.2751 
300.2635 
300.2520 
300.2404 
300.2289 
300.2173 
300.2057 
300.1942 
300.1826 
300.1710 
300.1595 
300.1479 
300.1363 
300.1248 
300.1132 
300.1016 
300.0900 
300.0785 
300.0669 
300.0553 
300.0437 
300.0321 
300.0206 
300.0090 
299.9974 
299.9858 
299.9742 
299.9626 
299.9510 
299.9394 
299.9278 
299.9162 
299.9047 
299.8931 
299.8815 
299.8699 
299.8583 
299.8466 
299.8350 
299.8234 
299.8118 
299.8002 
299.7886 
299.7770 
299.7654 
299.7538 
299.7422 
299.7305 
299.7189 
299.7073 
299.6957 
299.6841 
299.6724 
299.6608 
299.6492 
299.6375 
299.6259 
299.6143 
299.6026 
299.5910 
299.5794 
299.5677 
299.5561 
299.5445 
299.5328 
299.5212 
299.5095 
299.4979 
299.4862 
299.4746 
299.4629 
299.4513 
299.4396 
299.4280 
299.4163 
299.4047 
299.3930 
299.3814 
299.3697 
299.3580 
299.3464 
299.3347 
299.3230 
299.3114 
299.2997 
299.2880 
299.2764 
299.2647 
299.2530 
299.2413 
299.2297 
299.2180 
299.2063 
299.1946 
299.1829 
299.1713 
299.1596 
299.1479 
299.1362 
299.1245 
299.1128 
299.1011 
299.0894 
299.0777 
299.0660 
299.0543 
299.0426 
299.0309 
299.0192 
299.0075 
298.9958 
298.9841 
298.9724 
298.9607 
298.9490 
298.9373 
298.9256 
298.9139 
298.9021 
298.8904 
298.8787 
298.8670 
298.8553 
298.8435 
298.8318 
298.8201 
298.8084 
298.7966 
298.7849 
298.7732 
298.7614 
298.7497 
298.7380 
298.7262 
298.7145 
298.7027 
298.6910 
298.6793 
298.6675 
298.6558 
298.6440 
298.6323 
298.6205 
298.6088 
298.5970 
298.5853 
298.5735 
298.5617 
298.5500 
298.5382 
298.5265 
298.5147 
298.5029 
298.4912 
298.4794 
298.4676 
298.4559 
298.4441 
298.4323 
298.4205 
298.4088 
298.3970 
298.3852 
298.3734 
298.3616 
298.3499 
298.3381 
298.3263 
298.3145 
298.3027 
298.2909 
298.2791 
298.2673 
298.2555 
298.2437 
298.2319 
298.2201 
298.2083 
298.1965 
298.1847 
298.1729 
298.1611 
298.1493 
298.1375 
298.1257 
298.1139 
298.1021 
298.0903 
298.0784 
298.0666 
298.0548 
298.0430 
298.0312 
298.0193 
298.0075 
297.9957 
297.9839 
297.9720 
297.9602 
297.9484 
297.9365 
297.9247 
297.9129 
297.9010 
297.8892 
297.8773 
297.8655 
297.8537 
297.8418 
297.8300 
297.8181 
297.8063 
297.7944 
297.7826 
297.7707 
297.7589 
297.7470 
297.7351 
297.7233 
297.7114 
297.6996 
297.6877 
297.6758 
297.6640 
297.6521 
297.6402 
297.6283 
297.6165 
297.6046 
297.5927 
297.5808 
297.5690 
297.5571 
297.5452 
297.5333 
297.5214 
297.5095 
297.4977 
297.4858 
297.4739 
297.4620 
297.4501 
297.4382 
297.4263 
297.4144 
297.4025 
297.3906 
297.3787 
297.3668 
297.3549 
297.3430 
297.3311 
297.3192 
297.3072 
297.2953 
297.2834 
297.2715 
297.2596 
297.2477 
297.2357 
297.2238 
297.2119 
297.2000 
297.1881 
297.1761 
297.1642 
297.1523 
297.1403 
297.1284 
297.1165 
297.1045 
297.0926 
297.0806 
297.0687 
297.0568 
297.0448 
297.0329 
297.0209 
297.0090 
296.9970 
296.9851 
296.9731 
296.9612 
296.9492 
296.9373 
296.9253 
296.9133 
296.9014 
296.8894 
296.8774 
296.8655 
296.8535 
296.8415 
296.8296 
296.8176 
296.8056 
296.7936 
296.7817 
296.7697 
296.7577 
296.7457 
296.7337 
296.7218 
296.7098 
296.6978 
296.6858 
296.6738 
296.6618 
296.6498 
296.6378 
296.6258 
296.6138 
296.6018 
296.5898 
296.5778 
296.5658 
296.5538 
296.5418 
296.5298 
296.5178 
296.5058 
296.4938 
296.4818 
296.4697 
296.4577 
296.4457 
296.4337 
296.4217 
296.4096 
296.3976 
296.3856 
296.3736 
296.3615 
296.3495 
296.3375 
296.3254 
296.3134 
296.3013 
296.2893 
296.2773 
296.2652 
296.2532 
296.2411 
296.2291 
296.2170 
296.2050 
296.1929 
296.1809 
296.1688 
296.1568 
296.1447 
296.1327 
296.1206 
296.1085 
296.0965 
296.0844 
296.0723 
296.0603 
296.0482 
296.0361 
296.0241 
296.0120 
295.9999 
295.9878 
295.9758 
295.9637 
295.9516 
295.9395 
295.9274 
295.9153 
295.9033 
295.8912 
295.8791 
295.8670 
295.8549 
295.8428 
295.8307 
295.8186 
295.8065 
295.7944 
295.7823 
295.7702 
295.7581 
295.7460 
295.7339 
295.7217 
295.7096 
295.6975 
295.6854 
295.6733 
295.6612 
295.6490 
295.6369 
295.6248 
295.6127 
295.6005 
295.5884 
295.5763 
295.5642 
295.5520 
295.5399 
295.5278 
295.5156 
295.5035 
295.4913 
295.4792 
295.4670 
295.4549 
295.4428 
295.4306 
295.4185 
295.4063 
295.3942 
295.3820 
295.3698 
295.3577 
295.3455 
295.3334 
295.3212 
295.3090 
295.2969 
295.2847 
295.2725 
295.2604 
295.2482 
295.2360 
295.2238 
295.2117 
295.1995 
295.1873 
295.1751 
295.1629 
295.1508 
295.1386 
295.1264 
295.1142 
295.1020 
295.0898 
295.0776 
295.0654 
295.0532 
295.0410 
295.0288 
295.0166 
295.0044 
294.9922 
294.9800 
294.9678 
294.9556 
294.9434 
294.9312 
294.9189 
294.9067 
294.8945 
294.8823 
294.8701 
294.8578 
294.8456 
294.8334 
294.8212 
294.8089 
294.7967 
294.7845 
294.7722 
294.7600 
294.7478 
294.7355 
294.7233 
294.7110 
294.6988 
294.6866 
294.6743 
294.6621 
294.6498 
294.6376 
294.6253 
294.6131 
294.6008 
294.5885 
294.5763 
294.5640 
294.5518 
294.5395 
294.5272 
294.5150 
294.5027 
294.4904 
294.4781 
294.4659 
294.4536 
294.4413 
294.4290 
294.4168 
294.4045 
294.3922 
294.3799 
294.3676 
294.3553 
294.3430 
294.3308 
294.3185 
294.3062 
294.2939 
294.2816 
294.2693 
294.2570 
294.2447 
294.2324 
294.2201 
294.2078 
294.1954 
294.1831 
294.1708 
294.1585 
294.1462 
294.1339 
294.1216 
294.1092 
294.0969 
294.0846 
294.0723 
294.0599 
294.0476 
294.0353 
294.0229 
294.0106 
293.9983 
293.9859 
293.9736 
293.9613 
293.9489 
293.9366 
293.9242 
293.9119 
293.8995 
293.8872 
293.8748 
293.8625 
293.8501 
293.8378 
293.8254 
293.8130 
293.8007 
293.7883 
293.7760 
293.7636 
293.7512 
293.7388 
293.7265 
293.7141 
293.7017 
293.6894 
293.6770 
293.6646 
293.6522 
293.6398 
293.6274 
293.6151 
293.6027 
293.5903 
293.5779 
293.5655 
293.5531 
293.5407 
293.5283 
293.5159 
293.5035 
293.4911 
293.4787 
293.4663 
293.4539 
293.4415 
293.4291 
293.4167 
293.4042 
293.3918 
293.3794 
293.3670 
293.3546 
293.3421 
293.3297 
293.3173 
293.3049 
293.2924 
293.2800 
293.2676 
293.2551 
293.2427 
293.2303 
293.2178 
293.2054 
293.1929 
293.1805 
293.1680 
293.1556 
293.1432 
293.1307 
293.1182 
293.1058 
293.0933 
293.0809 
293.0684 
293.0560 
293.0435 
293.0310 
293.0186 
293.0061 
292.9936 
292.9812 
292.9687 
292.9562 
292.9437 
292.9313 
292.9188 
292.9063 
292.8938 
292.8813 
292.8688 
292.8564 
292.8439 
292.8314 
292.8189 
292.8064 
292.7939 
292.7814 
292.7689 
292.7564 
292.7439 
292.7314 
292.7189 
292.7064 
292.6939 
292.6813 
292.6688 
292.6563 
292.6438 
292.6313 
292.6188 
292.6062 
292.5937 
292.5812 
292.5687 
292.5561 
292.5436 
292.5311 
292.5185 
292.5060 
292.4935 
292.4809 
292.4684 
292.4558 
292.4433 
292.4307 
292.4182 
292.4056 
292.3931 
292.3805 
292.3680 
292.3554 
292.3429 
292.3303 
292.3178 
292.3052 
292.2926 
292.2801 
292.2675 
292.2549 
292.2424 
292.2298 
292.2172 
292.2046 
292.1920 
292.1795 
292.1669 
292.1543 
292.1417 
292.1291 
292.1165 
292.1039 
292.0914 
292.0788 
292.0662 
292.0536 
292.0410 
292.0284 
292.0158 
292.0032 
291.9906 
291.9779 
291.9653 
291.9527 
291.9401 
291.9275 
291.9149 
291.9023 
291.8896 
291.8770 
291.8644 
291.8518 
291.8391 
291.8265 
291.8139 
291.8013 
291.7886 
291.7760 
291.7633 
291.7507 
291.7381 
291.7254 
291.7128 
291.7001 
291.6875 
291.6748 
291.6622 
291.6495 
291.6369 
291.6242 
291.6116 
291.5989 
291.5862 
291.5736 
291.5609 
291.5482 
291.5356 
291.5229 
291.5102 
291.4976 
291.4849 
291.4722 
291.4595 
291.4468 
291.4342 
291.4215 
291.4088 
291.3961 
291.3834 
291.3707 
291.3580 
291.3453 
291.3326 
291.3199 
291.3072 
291.2945 
291.2818 
291.2691 
291.2564 
291.2437 
291.2310 
291.2183 
291.2056 
291.1928 
291.1801 
291.1674 
291.1547 
291.1420 
291.1292 
291.1165 
291.1038 
291.0910 
291.0783 
291.0656 
291.0528 
291.0401 
291.0274 
291.0146 
291.0019 
290.9891 
290.9764 
290.9636 
290.9509 
290.9381 
290.9254 
290.9126 
290.8999 
290.8871 
290.8743 
290.8616 
290.8488 
290.8361 
290.8233 
290.8105 
290.7977 
290.7850 
290.7722 
290.7594 
290.7466 
290.7339 
290.7211 
290.7083 
290.6955 
290.6827 
290.6699 
290.6571 
290.6443 
290.6315 
290.6187 
290.6059 
290.5931 
290.5803 
290.5675 
290.5547 
290.5419 
290.5291 
290.5163 
290.5035 
290.4907 
290.4779 
290.4650 
290.4522 
290.4394 
290.4266 
290.4137 
290.4009 
290.3881 
290.3753 
290.3624 
290.3496 
290.3367 
290.3239 
290.3111 
290.2982 
290.2854 
290.2725 
290.2597 
290.2468 
290.2340 
290.2211 
290.2083 
290.1954 
290.1826 
290.1697 
290.1568 
290.1440 
290.1311 
290.1182 
290.1054 
290.0925 
290.0796 
290.0667 
290.0539 
290.0410 
290.0281 
290.0152 
290.0023 
289.9894 
289.9766 
289.9637 
289.9508 
289.9379 
289.9250 
289.9121 
289.8992 
289.8863 
289.8734 
289.8605 
289.8476 
289.8347 
289.8218 
289.8088 
289.7959 
289.7830 
289.7701 
289.7572 
289.7442 
289.7313 
289.7184 
289.7055 
289.6925 
289.6796 
289.6667 
289.6537 
289.6408 
289.6279 
289.6149 
289.6020 
289.5890 
289.5761 
289.5631 
289.5502 
289.5372 
289.5243 
289.5113 
289.4984 
289.4854 
289.4725 
289.4595 
289.4465 
289.4336 
289.4206 
289.4076 
289.3947 
289.3817 
289.3687 
289.3557 
289.3427 
289.3298 
289.3168 
289.3038 
289.2908 
289.2778 
289.2648 
289.2518 
289.2388 
289.2258 
289.2128 
289.1998 
289.1868 
289.1738 
289.1608 
289.1478 
289.1348 
289.1218 
289.1088 
289.0958 
289.0828 
289.0697 
289.0567 
289.0437 
289.0307 
289.0176 
289.0046 
288.9916 
288.9785 
288.9655 
288.9525 
288.9394 
288.9264 
288.9134 
288.9003 
288.8873 
288.8742 
288.8612 
288.8481 
288.8351 
288.8220 
288.8089 
288.7959 
288.7828 
288.7698 
288.7567 
288.7436 
288.7306 
288.7175 
288.7044 
288.6913 
288.6783 
288.6652 
288.6521 
288.6390 
288.6259 
288.6129 
288.5998 
288.5867 
288.5736 
288.5605 
288.5474 
288.5343 
288.5212 
288.5081 
288.4950 
288.4819 
288.4688 
288.4557 
288.4426 
288.4294 
288.4163 
288.4032 
288.3901 
288.3770 
288.3638 
288.3507 
288.3376 
288.3245 
288.3113 
288.2982 
288.2851 
288.2719 
288.2588 
288.2456 
288.2325 
288.2194 
288.2062 
288.1931 
288.1799 
288.1668 
288.1536 
288.1405 
288.1273 
288.1141 
288.1010 
288.0878 
288.0746 
288.0615 
288.0483 
288.0351 
288.0220 
288.0088 
287.9956 
287.9824 
287.9692 
287.9561 
287.9429 
287.9297 
287.9165 
287.9033 
287.8901 
287.8769 
287.8637 
287.8505 
287.8373 
287.8241 
287.8109 
287.7977 
287.7845 
287.7713 
287.7581 
287.7449 
287.7316 
287.7184 
287.7052 
287.6920 
287.6788 
287.6655 
287.6523 
287.6391 
287.6258 
287.6126 
287.5994 
287.5861 
287.5729 
287.5596 
287.5464 
287.5332 
287.5199 
287.5067 
287.4934 
287.4801 
287.4669 
287.4536 
287.4404 
287.4271 
287.4138 
287.4006 
287.3873 
287.3740 
287.3608 
287.3475 
287.3342 
287.3209 
287.3077 
287.2944 
287.2811 
287.2678 
287.2545 
287.2412 
287.2279 
287.2146 
287.2013 
287.1880 
287.1747 
287.1614 
287.1481 
287.1348 
287.1215 
287.1082 
287.0949 
287.0816 
287.0683 
287.0549 
287.0416 
287.0283 
287.0150 
287.0016 
286.9883 
286.9750 
286.9616 
286.9483 
286.9350 
286.9216 
286.9083 
286.8950 
286.8816 
286.8683 
286.8549 
286.8416 
286.8282 
286.8148 
286.8015 
286.7881 
286.7748 
286.7614 
286.7480 
286.7347 
286.7213 
286.7079 
286.6946 
286.6812 
286.6678 
286.6544 
286.6410 
286.6277 
286.6143 
286.6009 
286.5875 
286.5741 
286.5607 
286.5473 
286.5339 
286.5205 
286.5071 
286.4937 
286.4803 
286.4669 
286.4535 
286.4401 
286.4267 
286.4132 
286.3998 
286.3864 
286.3730 
286.3595 
286.3461 
286.3327 
286.3193 
286.3058 
286.2924 
286.2790 
286.2655 
286.2521 
286.2386 
286.2252 
286.2117 
286.1983 
286.1848 
286.1714 
286.1579 
286.1445 
286.1310 
286.1175 
286.1041 
286.0906 
286.0771 
286.0637 
286.0502 
286.0367 
286.0232 
286.0098 
285.9963 
285.9828 
285.9693 
285.9558 
285.9423 
285.9288 
285.9154 
285.9019 
285.8884 
285.8749 
285.8614 
285.8479 
285.8343 
285.8208 
285.8073 
285.7938 
285.7803 
285.7668 
285.7533 
285.7397 
285.7262 
285.7127 
285.6992 
285.6856 
285.6721 
285.6586 
285.6450 
285.6315 
285.6180 
285.6044 
285.5909 
285.5773 
285.5638 
285.5502 
285.5367 
285.5231 
285.5096 
285.4960 
285.4824 
285.4689 
285.4553 
285.4417 
285.4282 
285.4146 
285.4010 
285.3875 
285.3739 
285.3603 
285.3467 
285.3331 
285.3195 
285.3060 
285.2924 
285.2788 
285.2652 
285.2516 
285.2380 
285.2244 
285.2108 
285.1972 
285.1836 
285.1699 
285.1563 
285.1427 
285.1291 
285.1155 
285.1019 
285.0882 
285.0746 
285.0610 
285.0474 
285.0337 
285.0201 
285.0065 
284.9928 
284.9792 
284.9655 
284.9519 
284.9382 
284.9246 
284.9109 
284.8973 
284.8836 
284.8700 
284.8563 
284.8427 
284.8290 
284.8153 
284.8017 
284.7880 
284.7743 
284.7606 
284.7470 
284.7333 
284.7196 
284.7059 
284.6922 
284.6785 
284.6649 
284.6512 
284.6375 
284.6238 
284.6101 
284.5964 
284.5827 
284.5690 
284.5553 
284.5415 
284.5278 
284.5141 
284.5004 
284.4867 
284.4730 
284.4592 
284.4455 
284.4318 
284.4181 
284.4043 
284.3906 
284.3769 
284.3631 
284.3494 
284.3356 
284.3219 
284.3081 
284.2944 
284.2806 
284.2669 
284.2531 
284.2394 
284.2256 
284.2118 
284.1981 
284.1843 
284.1705 
284.1568 
284.1430 
284.1292 
284.1154 
284.1017 
284.0879 
284.0741 
284.0603 
284.0465 
284.0327 
284.0189 
284.0051 
283.9913 
283.9775 
283.9637 
283.9499 
283.9361 
283.9223 
283.9085 
283.8947 
283.8809 
283.8671 
283.8532 
283.8394 
283.8256 
283.8118 
283.7979 
283.7841 
283.7703 
283.7564 
283.7426 
283.7287 
283.7149 
283.7011 
283.6872 
283.6734 
283.6595 
283.6457 
283.6318 
283.6179 
283.6041 
283.5902 
283.5764 
283.5625 
283.5486 
283.5347 
283.5209 
283.5070 
283.4931 
283.4792 
283.4653 
283.4515 
283.4376 
283.4237 
283.4098 
283.3959 
283.3820 
283.3681 
283.3542 
283.3403 
283.3264 
283.3125 
283.2986 
283.2847 
283.2707 
283.2568 
283.2429 
283.2290 
283.2151 
283.2011 
283.1872 
283.1733 
283.1593 
283.1454 
283.1315 
283.1175 
283.1036 
283.0896 
283.0757 
283.0617 
283.0478 
283.0338 
283.0199 
283.0059 
282.9919 
282.9780 
282.9640 
282.9501 
282.9361 
282.9221 
282.9081 
282.8942 
282.8802 
282.8662 
282.8522 
282.8382 
282.8242 
282.8102 
282.7963 
282.7823 
282.7683 
282.7543 
282.7403 
282.7262 
282.7122 
282.6982 
282.6842 
282.6702 
282.6562 
282.6422 
282.6281 
282.6141 
282.6001 
282.5861 
282.5720 
282.5580 
282.5440 
282.5299 
282.5159 
282.5018 
282.4878 
282.4738 
282.4597 
282.4457 
282.4316 
282.4175 
282.4035 
282.3894 
282.3754 
282.3613 
282.3472 
282.3332 
282.3191 
282.3050 
282.2909 
282.2769 
282.2628 
282.2487 
282.2346 
282.2205 
282.2064 
282.1923 
282.1782 
282.1641 
282.1500 
282.1359 
282.1218 
282.1077 
282.0936 
282.0795 
282.0654 
282.0513 
282.0371 
282.0230 
282.0089 
281.9948 
281.9806 
281.9665 
281.9524 
281.9382 
281.9241 
281.9099 
281.8958 
281.8817 
281.8675 
281.8534 
281.8392 
281.8250 
281.8109 
281.7967 
281.7826 
281.7684 
281.7542 
281.7401 
281.7259 
281.7117 
281.6975 
281.6834 
281.6692 
281.6550 
281.6408 
281.6266 
281.6124 
281.5982 
281.5840 
281.5698 
281.5556 
281.5414 
281.5272 
281.5130 
281.4988 
281.4846 
281.4704 
281.4562 
281.4419 
281.4277 
281.4135 
281.3993 
281.3850 
281.3708 
281.3566 
281.3423 
281.3281 
281.3138 
281.2996 
281.2853 
281.2711 
281.2568 
281.2426 
281.2283 
281.2141 
281.1998 
281.1855 
281.1713 
281.1570 
281.1427 
281.1285 
281.1142 
281.0999 
281.0856 
281.0713 
281.0571 
281.0428 
281.0285 
281.0142 
280.9999 
280.9856 
280.9713 
280.9570 
280.9427 
280.9284 
280.9141 
280.8997 
280.8854 
280.8711 
280.8568 
280.8425 
280.8281 
280.8138 
280.7995 
280.7851 
280.7708 
280.7565 
280.7421 
280.7278 
280.7134 
280.6991 
280.6847 
280.6704 
280.6560 
280.6417 
280.6273 
280.6130 
280.5986 
280.5842 
280.5698 
280.5555 
280.5411 
280.5267 
280.5123 
280.4980 
280.4836 
280.4692 
280.4548 
280.4404 
280.4260 
280.4116 
280.3972 
280.3828 
280.3684 
280.3540 
280.3396 
280.3252 
280.3108 
280.2963 
280.2819 
280.2675 
280.2531 
280.2386 
280.2242 
280.2098 
280.1953 
280.1809 
280.1665 
280.1520 
280.1376 
280.1231 
280.1087 
280.0942 
280.0798 
280.0653 
280.0508 
280.0364 
280.0219 
280.0074 
279.9930 
279.9785 
279.9640 
279.9495 
279.9351 
279.9206 
279.9061 
279.8916 
279.8771 
279.8626 
279.8481 
279.8336 
279.8191 
279.8046 
279.7901 
279.7756 
279.7611 
279.7466 
279.7321 
279.7175 
279.7030 
279.6885 
279.6740 
279.6594 
279.6449 
279.6304 
279.6158 
279.6013 
279.5867 
279.5722 
279.5577 
279.5431 
279.5286 
279.5140 
279.4994 
279.4849 
279.4703 
279.4557 
279.4412 
279.4266 
279.4120 
279.3975 
279.3829 
279.3683 
279.3537 
279.3391 
279.3245 
279.3099 
279.2954 
279.2808 
279.2662 
279.2516 
279.2370 
279.2223 
279.2077 
279.1931 
279.1785 
279.1639 
279.1493 
279.1346 
279.1200 
279.1054 
279.0908 
279.0761 
279.0615 
279.0469 
279.0322 
279.0176 
279.0029 
278.9883 
278.9736 
278.9590 
278.9443 
278.9296 
278.9150 
278.9003 
278.8857 
278.8710 
278.8563 
278.8416 
278.8270 
278.8123 
278.7976 
278.7829 
278.7682 
278.7535 
278.7388 
278.7241 
278.7094 
278.6947 
278.6800 
278.6653 
278.6506 
278.6359 
278.6212 
278.6065 
278.5917 
278.5770 
278.5623 
278.5476 
278.5328 
278.5181 
278.5034 
278.4886 
278.4739 
278.4591 
278.4444 
278.4296 
278.4149 
278.4001 
278.3854 
278.3706 
278.3559 
278.3411 
278.3263 
278.3116 
278.2968 
278.2820 
278.2672 
278.2524 
278.2377 
278.2229 
278.2081 
278.1933 
278.1785 
278.1637 
278.1489 
278.1341 
278.1193 
278.1045 
278.0897 
278.0748 
278.0600 
278.0452 
278.0304 
278.0156 
278.0007 
277.9859 
277.9711 
277.9562 
277.9414 
277.9266 
277.9117 
277.8969 
277.8820 
277.8672 
277.8523 
277.8374 
277.8226 
277.8077 
277.7929 
277.7780 
277.7631 
277.7482 
277.7334 
277.7185 
277.7036 
277.6887 
277.6738 
277.6589 
277.6440 
277.6291 
277.6142 
277.5993 
277.5844 
277.5695 
277.5546 
277.5397 
277.5248 
277.5099 
277.4950 
277.4800 
277.4651 
277.4502 
277.4352 
277.4203 
277.4054 
277.3904 
277.3755 
277.3605 
277.3456 
277.3306 
277.3157 
277.3007 
277.2858 
277.2708 
277.2558 
277.2409 
277.2259 
277.2109 
277.1960 
277.1810 
277.1660 
277.1510 
277.1360 
277.1210 
277.1060 
277.0910 
277.0760 
277.0610 
277.0460 
277.0310 
277.0160 
277.0010 
276.9860 
276.9710 
276.9560 
276.9409 
276.9259 
276.9109 
276.8958 
276.8808 
276.8658 
276.8507 
276.8357 
276.8206 
276.8056 
276.7905 
276.7755 
276.7604 
276.7454 
276.7303 
276.7152 
276.7002 
276.6851 
276.6700 
276.6549 
276.6399 
276.6248 
276.6097 
276.5946 
276.5795 
276.5644 
276.5493 
276.5342 
276.5191 
276.5040 
276.4889 
276.4738 
276.4587 
276.4435 
276.4284 
276.4133 
276.3982 
276.3830 
276.3679 
276.3528 
276.3376 
276.3225 
276.3074 
276.2922 
276.2771 
276.2619 
276.2468 
276.2316 
276.2164 
276.2013 
276.1861 
276.1709 
276.1558 
276.1406 
276.1254 
276.1102 
276.0950 
276.0799 
276.0647 
276.0495 
276.0343 
276.0191 
276.0039 
275.9887 
275.9735 
275.9583 
275.9430 
275.9278 
275.9126 
275.8974 
275.8822 
275.8669 
275.8517 
275.8365 
275.8212 
275.8060 
275.7908 
275.7755 
275.7603 
275.7450 
275.7298 
275.7145 
275.6992 
275.6840 
275.6687 
275.6534 
275.6382 
275.6229 
275.6076 
275.5923 
275.5771 
275.5618 
275.5465 
275.5312 
275.5159 
275.5006 
275.4853 
275.4700 
275.4547 
275.4394 
275.4241 
275.4088 
275.3934 
275.3781 
275.3628 
275.3475 
275.3321 
275.3168 
275.3015 
275.2861 
275.2708 
275.2554 
275.2401 
275.2247 
275.2094 
275.1940 
275.1787 
275.1633 
275.1479 
275.1326 
275.1172 
275.1018 
275.0864 
275.0711 
275.0557 
275.0403 
275.0249 
275.0095 
274.9941 
274.9787 
274.9633 
274.9479 
274.9325 
274.9171 
274.9017 
274.8862 
274.8708 
274.8554 
274.8400 
274.8245 
274.8091 
274.7937 
274.7782 
274.7628 
274.7474 
274.7319 
274.7165 
274.7010 
274.6855 
274.6701 
274.6546 
274.6392 
274.6237 
274.6082 
274.5927 
274.5773 
274.5618 
274.5463 
274.5308 
274.5153 
274.4998 
274.4843 
274.4688 
274.4533 
274.4378 
274.4223 
274.4068 
274.3913 
274.3758 
274.3603 
274.3447 
274.3292 
274.3137 
274.2981 
274.2826 
274.2671 
274.2515 
274.2360 
274.2204 
274.2049 
274.1893 
274.1738 
274.1582 
274.1426 
274.1271 
274.1115 
274.0959 
274.0803 
274.0648 
274.0492 
274.0336 
274.0180 
274.0024 
273.9868 
273.9712 
273.9556 
273.9400 
273.9244 
273.9088 
273.8932 
273.8776 
273.8620 
273.8463 
273.8307 
273.8151 
273.7994 
273.7838 
273.7682 
273.7525 
273.7369 
273.7212 
273.7056 
273.6899 
273.6743 
273.6586 
273.6429 
273.6273 
273.6116 
273.5959 
273.5803 
273.5646 
273.5489 
273.5332 
273.5175 
273.5018 
273.4861 
273.4704 
273.4547 
273.4390 
273.4233 
273.4076 
273.3919 
273.3762 
273.3605 
273.3447 
273.3290 
273.3133 
273.2975 
273.2818 
273.2661 
273.2503 
273.2346 
273.2188 
273.2031 
273.1873 
273.1716 
273.1558 
273.1400 
273.1243 
273.1085 
273.0927 
273.0769 
273.0611 
273.0454 
273.0296 
273.0138 
272.9980 
272.9822 
272.9664 
272.9506 
272.9348 
272.9190 
272.9032 
272.8873 
272.8715 
272.8557 
272.8399 
272.8240 
272.8082 
272.7924 
272.7765 
272.7607 
272.7448 
272.7290 
272.7131 
272.6973 
272.6814 
272.6656 
272.6497 
272.6338 
272.6179 
272.6021 
272.5862 
272.5703 
272.5544 
272.5385 
272.5226 
272.5068 
272.4909 
272.4750 
272.4590 
272.4431 
272.4272 
272.4113 
272.3954 
272.3795 
272.3635 
272.3476 
272.3317 
272.3158 
272.2998 
272.2839 
272.2679 
272.2520 
272.2360 
272.2201 
272.2041 
272.1882 
272.1722 
272.1562 
272.1403 
272.1243 
272.1083 
272.0923 
272.0763 
272.0603 
272.0444 
272.0284 
272.0124 
271.9964 
271.9804 
271.9644 
271.9483 
271.9323 
271.9163 
271.9003 
271.8843 
271.8682 
271.8522 
271.8362 
271.8201 
271.8041 
271.7880 
271.7720 
271.7559 
271.7399 
271.7238 
271.7078 
271.6917 
271.6756 
271.6596 
271.6435 
271.6274 
271.6113 
271.5952 
271.5792 
271.5631 
271.5470 
271.5309 
271.5148 
271.4987 
271.4826 
271.4664 
271.4503 
271.4342 
271.4181 
271.4020 
271.3858 
271.3697 
271.3536 
271.3374 
271.3213 
271.3051 
271.2890 
271.2728 
271.2567 
271.2405 
271.2244 
271.2082 
271.1920 
271.1758 
271.1597 
271.1435 
271.1273 
271.1111 
271.0949 
271.0787 
271.0625 
271.0463 
271.0301 
271.0139 
270.9977 
270.9815 
270.9653 
270.9490 
270.9328 
270.9166 
270.9004 
270.8841 
270.8679 
270.8516 
270.8354 
270.8191 
270.8029 
270.7866 
270.7704 
270.7541 
270.7378 
270.7216 
270.7053 
270.6890 
270.6727 
270.6565 
270.6402 
270.6239 
270.6076 
270.5913 
270.5750 
270.5587 
270.5424 
270.5261 
270.5097 
270.4934 
270.4771 
270.4608 
270.4444 
270.4281 
270.4118 
270.3954 
270.3791 
270.3627 
270.3464 
270.3300 
270.3137 
270.2973 
270.2809 
270.2646 
270.2482 
270.2318 
270.2154 
270.1991 
270.1827 
270.1663 
270.1499 
270.1335 
270.1171 
270.1007 
270.0843 
270.0679 
270.0514 
270.0350 
270.0186 
270.0022 
269.9857 
269.9693 
269.9529 
269.9364 
269.9200 
269.9035 
269.8871 
269.8706 
269.8542 
269.8377 
269.8212 
269.8048 
269.7883 
269.7718 
269.7554 
269.7389 
269.7224 
269.7059 
269.6894 
269.6729 
269.6564 
269.6399 
269.6234 
269.6069 
269.5903 
269.5738 
269.5573 
269.5408 
269.5242 
269.5077 
269.4912 
269.4746 
269.4581 
269.4415 
269.4250 
269.4084 
269.3919 
269.3753 
269.3587 
269.3422 
269.3256 
269.3090 
269.2924 
269.2758 
269.2593 
269.2427 
269.2261 
269.2095 
269.1929 
269.1763 
269.1596 
269.1430 
269.1264 
269.1098 
269.0932 
269.0765 
269.0599 
269.0433 
269.0266 
269.0100 
268.9933 
268.9767 
268.9600 
268.9433 
268.9267 
268.9100 
268.8933 
268.8767 
268.8600 
268.8433 
268.8266 
268.8099 
268.7932 
268.7765 
268.7598 
268.7431 
268.7264 
268.7097 
268.6930 
268.6763 
268.6596 
268.6428 
268.6261 
268.6094 
268.5926 
268.5759 
268.5591 
268.5424 
268.5256 
268.5089 
268.4921 
268.4754 
268.4586 
268.4418 
268.4250 
268.4083 
268.3915 
268.3747 
268.3579 
268.3411 
268.3243 
268.3075 
268.2907 
268.2739 
268.2571 
268.2402 
268.2234 
268.2066 
268.1898 
268.1729 
268.1561 
268.1393 
268.1224 
268.1056 
268.0887 
268.0719 
268.0550 
268.0381 
268.0213 
268.0044 
267.9875 
267.9706 
267.9538 
267.9369 
267.9200 
267.9031 
267.8862 
267.8693 
267.8524 
267.8355 
267.8185 
267.8016 
267.7847 
267.7678 
267.7509 
267.7339 
267.7170 
267.7000 
267.6831 
267.6661 
267.6492 
267.6322 
267.6153 
267.5983 
267.5813 
267.5644 
267.5474 
267.5304 
267.5134 
267.4964 
267.4794 
267.4624 
267.4454 
267.4284 
267.4114 
267.3944 
267.3774 
267.3604 
267.3434 
267.3263 
267.3093 
267.2923 
267.2752 
267.2582 
267.2411 
267.2241 
267.2070 
267.1900 
267.1729 
267.1558 
267.1388 
267.1217 
267.1046 
267.0875 
267.0704 
267.0534 
267.0363 
267.0192 
267.0021 
266.9850 
266.9678 
266.9507 
266.9336 
266.9165 
266.8994 
266.8822 
266.8651 
266.8480 
266.8308 
266.8137 
266.7965 
266.7794 
266.7622 
266.7450 
266.7279 
266.7107 
266.6935 
266.6763 
266.6592 
266.6420 
266.6248 
266.6076 
266.5904 
266.5732 
266.5560 
266.5388 
266.5215 
266.5043 
266.4871 
266.4699 
266.4526 
266.4354 
266.4182 
266.4009 
266.3837 
266.3664 
266.3492 
266.3319 
266.3146 
266.2974 
266.2801 
266.2628 
266.2455 
266.2283 
266.2110 
266.1937 
266.1764 
266.1591 
266.1418 
266.1245 
266.1071 
266.0898 
266.0725 
266.0552 
266.0378 
266.0205 
266.0032 
265.9858 
265.9685 
265.9511 
265.9338 
265.9164 
265.8990 
265.8817 
265.8643 
265.8469 
265.8296 
265.8122 
265.7948 
265.7774 
265.7600 
265.7426 
265.7252 
265.7078 
265.6904 
265.6729 
265.6555 
265.6381 
265.6207 
265.6032 
265.5858 
265.5683 
265.5509 
265.5334 
265.5160 
265.4985 
265.4811 
265.4636 
265.4461 
265.4286 
265.4112 
265.3937 
265.3762 
265.3587 
265.3412 
265.3237 
265.3062 
265.2887 
265.2712 
265.2536 
265.2361 
265.2186 
265.2011 
265.1835 
265.1660 
265.1484 
265.1309 
265.1133 
265.0958 
265.0782 
265.0606 
265.0431 
265.0255 
265.0079 
264.9903 
264.9728 
264.9552 
264.9376 
264.9200 
264.9024 
264.8847 
264.8671 
264.8495 
264.8319 
264.8143 
264.7966 
264.7790 
264.7614 
264.7437 
264.7261 
264.7084 
264.6908 
264.6731 
264.6554 
264.6378 
264.6201 
264.6024 
264.5847 
264.5670 
264.5493 
264.5316 
264.5139 
264.4962 
264.4785 
264.4608 
264.4431 
264.4254 
264.4077 
264.3899 
264.3722 
264.3544 
264.3367 
264.3189 
264.3012 
264.2834 
264.2657 
264.2479 
264.2301 
264.2124 
264.1946 
264.1768 
264.1590 
264.1412 
264.1234 
264.1056 
264.0878 
264.0700 
264.0522 
264.0344 
264.0165 
263.9987 
263.9809 
263.9630 
263.9452 
263.9273 
263.9095 
263.8916 
263.8738 
263.8559 
263.8380 
263.8202 
263.8023 
263.7844 
263.7665 
263.7486 
263.7307 
263.7128 
263.6949 
263.6770 
263.6591 
263.6412 
263.6233 
263.6053 
263.5874 
263.5695 
263.5515 
263.5336 
263.5156 
263.4977 
263.4797 
263.4618 
263.4438 
263.4258 
263.4078 
263.3899 
263.3719 
263.3539 
263.3359 
263.3179 
263.2999 
263.2819 
263.2638 
263.2458 
263.2278 
263.2098 
263.1917 
263.1737 
263.1557 
263.1376 
263.1196 
263.1015 
263.0835 
263.0654 
263.0473 
263.0292 
263.0112 
262.9931 
262.9750 
262.9569 
262.9388 
262.9207 
262.9026 
262.8845 
262.8664 
262.8482 
262.8301 
262.8120 
262.7939 
262.7757 
262.7576 
262.7394 
262.7213 
262.7031 
262.6850 
262.6668 
262.6486 
262.6304 
262.6123 
262.5941 
262.5759 
262.5577 
262.5395 
262.5213 
262.5031 
262.4849 
262.4666 
262.4484 
262.4302 
262.4119 
262.3937 
262.3755 
262.3572 
262.3390 
262.3207 
262.3024 
262.2842 
262.2659 
262.2476 
262.2294 
262.2111 
262.1928 
262.1745 
262.1562 
262.1379 
262.1196 
262.1013 
262.0829 
262.0646 
262.0463 
262.0279 
262.0096 
261.9913 
261.9729 
261.9546 
261.9362 
261.9178 
261.8995 
261.8811 
261.8627 
261.8443 
261.8260 
261.8076 
261.7892 
261.7708 
261.7524 
261.7340 
261.7155 
261.6971 
261.6787 
261.6603 
261.6418 
261.6234 
261.6049 
261.5865 
261.5680 
261.5496 
261.5311 
261.5126 
261.4942 
261.4757 
261.4572 
261.4387 
261.4202 
261.4017 
261.3832 
261.3647 
261.3462 
261.3277 
261.3092 
261.2906 
261.2721 
261.2536 
261.2350 
261.2165 
261.1979 
261.1794 
261.1608 
261.1422 
261.1236 
261.1051 
261.0865 
261.0679 
261.0493 
261.0307 
261.0121 
260.9935 
260.9749 
260.9563 
260.9376 
260.9190 
260.9004 
260.8817 
260.8631 
260.8444 
260.8258 
260.8071 
260.7885 
260.7698 
260.7511 
260.7325 
260.7138 
260.6951 
260.6764 
260.6577 
260.6390 
260.6203 
260.6016 
260.5828 
260.5641 
260.5454 
260.5267 
260.5079 
260.4892 
260.4704 
260.4517 
260.4329 
260.4141 
260.3954 
260.3766 
260.3578 
260.3390 
260.3202 
260.3015 
260.2826 
260.2638 
260.2450 
260.2262 
260.2074 
260.1886 
260.1697 
260.1509 
260.1321 
260.1132 
260.0944 
260.0755 
260.0566 
260.0378 
260.0189 
260.0000 
259.9811 
259.9622 
259.9434 
259.9245 
259.9056 
259.8866 
259.8677 
259.8488 
259.8299 
259.8110 
259.7920 
259.7731 
259.7541 
259.7352 
259.7162 
259.6973 
259.6783 
259.6593 
259.6403 
259.6214 
259.6024 
259.5834 
259.5644 
259.5454 
259.5264 
259.5074 
259.4883 
259.4693 
259.4503 
259.4312 
259.4122 
259.3932 
259.3741 
259.3550 
259.3360 
259.3169 
259.2978 
259.2788 
259.2597 
259.2406 
259.2215 
259.2024 
259.1833 
259.1642 
259.1451 
259.1259 
259.1068 
259.0877 
259.0685 
259.0494 
259.0303 
259.0111 
258.9919 
258.9728 
258.9536 
258.9344 
258.9153 
258.8961 
258.8769 
258.8577 
258.8385 
258.8193 
258.8001 
258.7808 
258.7616 
258.7424 
258.7232 
258.7039 
258.6847 
258.6654 
258.6462 
258.6269 
258.6076 
258.5884 
258.5691 
258.5498 
258.5305 
258.5112 
258.4919 
258.4726 
258.4533 
258.4340 
258.4146 
258.3953 
258.3760 
258.3566 
258.3373 
258.3180 
258.2986 
258.2792 
258.2599 
258.2405 
258.2211 
258.2017 
258.1823 
258.1629 
258.1435 
258.1241 
258.1047 
258.0853 
258.0659 
258.0465 
258.0270 
258.0076 
257.9881 
257.9687 
257.9492 
257.9298 
257.9103 
257.8908 
257.8714 
257.8519 
257.8324 
257.8129 
257.7934 
257.7739 
257.7544 
257.7348 
257.7153 
257.6958 
257.6762 
257.6567 
257.6372 
257.6176 
257.5980 
257.5785 
257.5589 
257.5393 
257.5198 
257.5002 
257.4806 
257.4610 
257.4414 
257.4218 
257.4021 
257.3825 
257.3629 
257.3433 
257.3236 
257.3040 
257.2843 
257.2647 
257.2450 
257.2253 
257.2057 
257.1860 
257.1663 
257.1466 
257.1269 
257.1072 
257.0875 
257.0678 
257.0481 
257.0283 
257.0086 
256.9889 
256.9691 
256.9494 
256.9296 
256.9099 
256.8901 
256.8703 
256.8506 
256.8308 
256.8110 
256.7912 
256.7714 
256.7516 
256.7318 
256.7119 
256.6921 
256.6723 
256.6524 
256.6326 
256.6127 
256.5929 
256.5730 
256.5532 
256.5333 
256.5134 
256.4935 
256.4736 
256.4537 
256.4338 
256.4139 
256.3940 
256.3741 
256.3542 
256.3342 
256.3143 
256.2943 
256.2744 
256.2544 
256.2345 
256.2145 
256.1945 
256.1746 
256.1546 
256.1346 
256.1146 
256.0946 
256.0746 
256.0545 
256.0345 
256.0145 
255.9945 
255.9744 
255.9544 
255.9343 
255.9142 
255.8942 
255.8741 
255.8540 
255.8339 
255.8139 
255.7938 
255.7737 
255.7535 
255.7334 
255.7133 
255.6932 
255.6731 
255.6529 
255.6328 
255.6126 
255.5925 
255.5723 
255.5521 
255.5319 
255.5118 
255.4916 
255.4714 
255.4512 
255.4310 
255.4108 
255.3905 
255.3703 
255.3501 
255.3298 
255.3096 
255.2893 
255.2691 
255.2488 
255.2285 
255.2083 
255.1880 
255.1677 
255.1474 
255.1271 
255.1068 
255.0865 
255.0662 
255.0458 
255.0255 
255.0052 
254.9848 
254.9645 
254.9441 
254.9237 
254.9034 
254.8830 
254.8626 
254.8422 
254.8218 
254.8014 
254.7810 
254.7606 
254.7402 
254.7197 
254.6993 
254.6789 
254.6584 
254.6380 
254.6175 
254.5970 
254.5766 
254.5561 
254.5356 
254.5151 
254.4946 
254.4741 
254.4536 
254.4331 
254.4125 
254.3920 
254.3715 
254.3509 
254.3304 
254.3098 
254.2893 
254.2687 
254.2481 
254.2275 
254.2069 
254.1863 
254.1657 
254.1451 
254.1245 
254.1039 
254.0833 
254.0626 
254.0420 
254.0213 
254.0007 
253.9800 
253.9593 
253.9387 
253.9180 
253.8973 
253.8766 
253.8559 
253.8352 
253.8145 
253.7938 
253.7730 
253.7523 
253.7315 
253.7108 
253.6900 
253.6693 
253.6485 
253.6277 
253.6070 
253.5862 
253.5654 
253.5446 
253.5238 
253.5029 
253.4821 
253.4613 
253.4405 
253.4196 
253.3988 
253.3779 
253.3570 
253.3362 
253.3153 
253.2944 
253.2735 
253.2526 
253.2317 
253.2108 
253.1899 
253.1690 
253.1480 
253.1271 
253.1062 
253.0852 
253.0643 
253.0433 
253.0223 
253.0013 
252.9804 
252.9594 
252.9384 
252.9174 
252.8963 
252.8753 
252.8543 
252.8333 
252.8122 
252.7912 
252.7701 
252.7491 
252.7280 
252.7069 
252.6858 
252.6648 
252.6437 
252.6226 
252.6014 
252.5803 
252.5592 
252.5381 
252.5169 
252.4958 
252.4746 
252.4535 
252.4323 
252.4111 
252.3900 
252.3688 
252.3476 
252.3264 
252.3052 
252.2840 
252.2627 
252.2415 
252.2203 
252.1990 
252.1778 
252.1565 
252.1352 
252.1140 
252.0927 
252.0714 
252.0501 
252.0288 
252.0075 
251.9862 
251.9649 
251.9435 
251.9222 
251.9009 
251.8795 
251.8582 
251.8368 
251.8154 
251.7940 
251.7727 
251.7513 
251.7299 
251.7085 
251.6870 
251.6656 
251.6442 
251.6227 
251.6013 
251.5799 
251.5584 
251.5369 
251.5155 
251.4940 
251.4725 
251.4510 
251.4295 
251.4080 
251.3865 
251.3649 
251.3434 
251.3219 
251.3003 
251.2788 
251.2572 
251.2356 
251.2141 
251.1925 
251.1709 
251.1493 
251.1277 
251.1061 
251.0844 
251.0628 
251.0412 
251.0195 
250.9979 
250.9762 
250.9546 
250.9329 
250.9112 
250.8895 
250.8678 
250.8461 
250.8244 
250.8027 
250.7810 
250.7592 
250.7375 
250.7157 
250.6940 
250.6722 
250.6505 
250.6287 
250.6069 
250.5851 
250.5633 
250.5415 
250.5197 
250.4979 
250.4760 
250.4542 
250.4323 
250.4105 
250.3886 
250.3667 
250.3449 
250.3230 
250.3011 
250.2792 
250.2573 
250.2354 
250.2134 
250.1915 
250.1696 
250.1476 
250.1257 
250.1037 
250.0817 
250.0598 
250.0378 
250.0158 
249.9938 
249.9718 
249.9498 
249.9277 
249.9057 
249.8837 
249.8616 
249.8396 
249.8175 
249.7954 
249.7734 
249.7513 
249.7292 
249.7071 
249.6850 
249.6628 
249.6407 
249.6186 
249.5964 
249.5743 
249.5521 
249.5300 
249.5078 
249.4856 
249.4634 
249.4412 
249.4190 
249.3968 
249.3746 
249.3524 
249.3301 
249.3079 
249.2856 
249.2634 
249.2411 
249.2188 
249.1965 
249.1742 
249.1519 
249.1296 
249.1073 
249.0850 
249.0627 
249.0403 
249.0180 
248.9956 
248.9732 
248.9509 
248.9285 
248.9061 
248.8837 
248.8613 
248.8389 
248.8165 
248.7940 
248.7716 
248.7491 
248.7267 
248.7042 
248.6818 
248.6593 
248.6368 
248.6143 
248.5918 
248.5693 
248.5467 
248.5242 
248.5017 
248.4791 
248.4566 
248.4340 
248.4114 
248.3889 
248.3663 
248.3437 
248.3211 
248.2985 
248.2758 
248.2532 
248.2306 
248.2079 
248.1853 
248.1626 
248.1399 
248.1173 
248.0946 
248.0719 
248.0492 
248.0265 
248.0037 
247.9810 
247.9583 
247.9355 
247.9128 
247.8900 
247.8672 
247.8445 
247.8217 
247.7989 
247.7761 
247.7532 
247.7304 
247.7076 
247.6847 
247.6619 
247.6390 
247.6162 
247.5933 
247.5704 
247.5475 
247.5246 
247.5017 
247.4788 
247.4559 
247.4329 
247.4100 
247.3870 
247.3641 
247.3411 
247.3181 
247.2951 
247.2721 
247.2491 
247.2261 
247.2031 
247.1801 
247.1570 
247.1340 
247.1109 
247.0879 
247.0648 
247.0417 
247.0186 
246.9955 
246.9724 
246.9493 
246.9261 
246.9030 
246.8799 
246.8567 
246.8335 
246.8104 
246.7872 
246.7640 
246.7408 
246.7176 
246.6944 
246.6711 
246.6479 
246.6247 
246.6014 
246.5781 
246.5549 
246.5316 
246.5083 
246.4850 
246.4617 
246.4384 
246.4151 
246.3917 
246.3684 
246.3450 
246.3217 
246.2983 
246.2749 
246.2515 
246.2281 
246.2047 
246.1813 
246.1579 
246.1345 
246.1110 
246.0876 
246.0641 
246.0406 
246.0171 
245.9937 
245.9702 
245.9466 
245.9231 
245.8996 
245.8761 
245.8525 
245.8290 
245.8054 
245.7818 
245.7583 
245.7347 
245.7111 
245.6875 
245.6638 
245.6402 
245.6166 
245.5929 
245.5693 
245.5456 
245.5219 
245.4982 
245.4745 
245.4508 
245.4271 
245.4034 
245.3797 
245.3559 
245.3322 
245.3084 
245.2846 
245.2609 
245.2371 
245.2133 
245.1895 
245.1656 
245.1418 
245.1180 
245.0941 
245.0703 
245.0464 
245.0225 
244.9987 
244.9748 
244.9509 
244.9269 
244.9030 
244.8791 
244.8551 
244.8312 
244.8072 
244.7833 
244.7593 
244.7353 
244.7113 
244.6873 
244.6633 
244.6392 
244.6152 
244.5911 
244.5671 
244.5430 
244.5189 
244.4948 
244.4707 
244.4466 
244.4225 
244.3984 
244.3742 
244.3501 
244.3259 
244.3018 
244.2776 
244.2534 
244.2292 
244.2050 
244.1808 
244.1565 
244.1323 
244.1081 
244.0838 
244.0595 
244.0353 
244.0110 
243.9867 
243.9624 
243.9380 
243.9137 
243.8894 
243.8650 
243.8407 
243.8163 
243.7919 
243.7675 
243.7431 
243.7187 
243.6943 
243.6699 
243.6454 
243.6210 
243.5965 
243.5721 
243.5476 
243.5231 
243.4986 
243.4741 
243.4495 
243.4250 
243.4005 
243.3759 
243.3514 
243.3268 
243.3022 
243.2776 
243.2530 
243.2284 
243.2038 
243.1791 
243.1545 
243.1298 
243.1052 
243.0805 
243.0558 
243.0311 
243.0064 
242.9817 
242.9569 
242.9322 
242.9074 
242.8827 
242.8579 
242.8331 
242.8083 
242.7835 
242.7587 
242.7339 
242.7090 
242.6842 
242.6593 
242.6345 
242.6096 
242.5847 
242.5598 
242.5349 
242.5100 
242.4850 
242.4601 
242.4351 
242.4102 
242.3852 
242.3602 
242.3352 
242.3102 
242.2852 
242.2602 
242.2351 
242.2101 
242.1850 
242.1599 
242.1349 
242.1098 
242.0846 
242.0595 
242.0344 
242.0093 
241.9841 
241.9590 
241.9338 
241.9086 
241.8834 
241.8582 
241.8330 
241.8078 
241.7825 
241.7573 
241.7320 
241.7067 
241.6815 
241.6562 
241.6309 
241.6055 
241.5802 
241.5549 
241.5295 
241.5042 
241.4788 
241.4534 
241.4280 
241.4026 
241.3772 
241.3518 
241.3263 
241.3009 
241.2754 
241.2499 
241.2244 
241.1990 
241.1734 
241.1479 
241.1224 
241.0968 
241.0713 
241.0457 
241.0202 
240.9946 
240.9690 
240.9434 
240.9177 
240.8921 
240.8665 
240.8408 
240.8151 
240.7894 
240.7638 
240.7380 
240.7123 
240.6866 
240.6609 
240.6351 
240.6094 
240.5836 
240.5578 
240.5320 
240.5062 
240.4804 
240.4545 
240.4287 
240.4028 
240.3770 
240.3511 
240.3252 
240.2993 
240.2734 
240.2474 
240.2215 
240.1956 
240.1696 
240.1436 
240.1176 
240.0916 
240.0656 
240.0396 
240.0136 
239.9875 
239.9615 
239.9354 
239.9093 
239.8832 
239.8571 
239.8310 
239.8048 
239.7787 
239.7525 
239.7264 
239.7002 
239.6740 
239.6478 
239.6216 
239.5954 
239.5691 
239.5429 
239.5166 
239.4903 
239.4640 
239.4377 
239.4114 
239.3851 
239.3587 
239.3324 
239.3060 
239.2796 
239.2533 
239.2269 
239.2004 
239.1740 
239.1476 
239.1211 
239.0947 
239.0682 
239.0417 
239.0152 
238.9887 
238.9621 
238.9356 
238.9091 
238.8825 
238.8559 
238.8293 
238.8027 
238.7761 
238.7495 
238.7228 
238.6962 
238.6695 
238.6428 
238.6161 
238.5894 
238.5627 
238.5360 
238.5092 
238.4825 
238.4557 
238.4289 
238.4021 
238.3753 
238.3485 
238.3217 
238.2948 
238.2680 
238.2411 
238.2142 
238.1873 
238.1604 
238.1335 
238.1065 
238.0796 
238.0526 
238.0256 
237.9986 
237.9716 
237.9446 
237.9176 
237.8905 
237.8635 
237.8364 
237.8093 
237.7822 
237.7551 
237.7280 
237.7008 
237.6737 
237.6465 
237.6193 
237.5922 
237.5650 
237.5377 
237.5105 
237.4833 
237.4560 
237.4287 
237.4014 
237.3741 
237.3468 
237.3195 
237.2922 
237.2648 
237.2374 
237.2101 
237.1827 
237.1553 
237.1278 
237.1004 
237.0729 
237.0455 
237.0180 
236.9905 
236.9630 
236.9355 
236.9080 
236.8804 
236.8529 
236.8253 
236.7977 
236.7701 
236.7425 
236.7148 
236.6872 
236.6595 
236.6319 
236.6042 
236.5765 
236.5488 
236.5210 
236.4933 
236.4655 
236.4378 
236.4100 
236.3822 
236.3544 
236.3265 
236.2987 
236.2708 
236.2430 
236.2151 
236.1872 
236.1593 
236.1313 
236.1034 
236.0754 
236.0475 
236.0195 
235.9915 
235.9635 
235.9354 
235.9074 
235.8793 
235.8513 
235.8232 
235.7951 
235.7669 
235.7388 
235.7107 
235.6825 
235.6543 
235.6261 
235.5979 
235.5697 
235.5415 
235.5132 
235.4850 
235.4567 
235.4284 
235.4001 
235.3718 
235.3434 
235.3151 
235.2867 
235.2583 
235.2299 
235.2015 
235.1731 
235.1446 
235.1162 
235.0877 
235.0592 
235.0307 
235.0022 
234.9737 
234.9451 
234.9165 
234.8880 
234.8594 
234.8307 
234.8021 
234.7735 
234.7448 
234.7162 
234.6875 
234.6588 
234.6300 
234.6013 
234.5726 
234.5438 
234.5150 
234.4862 
234.4574 
234.4286 
234.3997 
234.3709 
234.3420 
234.3131 
234.2842 
234.2553 
234.2263 
234.1974 
234.1684 
234.1394 
234.1104 
234.0814 
234.0524 
234.0233 
233.9943 
233.9652 
233.9361 
233.9070 
233.8779 
233.8487 
233.8196 
233.7904 
233.7612 
233.7320 
233.7028 
233.6735 
233.6443 
233.6150 
233.5857 
233.5564 
233.5271 
233.4977 
233.4684 
233.4390 
233.4096 
233.3802 
233.3508 
233.3214 
233.2919 
233.2624 
233.2330 
233.2035 
233.1739 
233.1444 
233.1148 
233.0853 
233.0557 
233.0261 
232.9965 
232.9668 
232.9372 
232.9075 
232.8778 
232.8481 
232.8184 
232.7887 
232.7589 
232.7291 
232.6994 
232.6696 
232.6397 
232.6099 
232.5800 
232.5502 
232.5203 
232.4904 
232.4605 
232.4305 
232.4006 
232.3706 
232.3406 
232.3106 
232.2805 
232.2505 
232.2204 
232.1904 
232.1603 
232.1302 
232.1000 
232.0699 
232.0397 
232.0095 
231.9793 
231.9491 
231.9189 
231.8886 
231.8583 
231.8281 
231.7977 
231.7674 
231.7371 
231.7067 
231.6763 
231.6459 
231.6155 
231.5851 
231.5546 
231.5242 
231.4937 
231.4632 
231.4327 
231.4021 
231.3716 
231.3410 
231.3104 
231.2798 
231.2492 
231.2185 
231.1878 
231.1572 
231.1265 
231.0957 
231.0650 
231.0342 
231.0035 
230.9727 
230.9418 
230.9110 
230.8802 
230.8493 
230.8184 
230.7875 
230.7566 
230.7256 
230.6947 
230.6637 
230.6327 
230.6017 
230.5706 
230.5396 
230.5085 
230.4774 
230.4463 
230.4152 
230.3840 
230.3528 
230.3216 
230.2904 
230.2592 
230.2280 
230.1967 
230.1654 
230.1341 
230.1028 
230.0714 
230.0401 
230.0087 
229.9773 
229.9459 
229.9144 
229.8830 
229.8515 
229.8200 
229.7885 
229.7569 
229.7254 
229.6938 
229.6622 
229.6306 
229.5990 
229.5673 
229.5356 
229.5039 
229.4722 
229.4405 
229.4087 
229.3770 
229.3452 
229.3133 
229.2815 
229.2497 
229.2178 
229.1859 
229.1540 
229.1220 
229.0901 
229.0581 
229.0261 
228.9941 
228.9621 
228.9300 
228.8979 
228.8658 
228.8337 
228.8016 
228.7694 
228.7372 
228.7050 
228.6728 
228.6405 
228.6083 
228.5760 
228.5437 
228.5114 
228.4790 
228.4467 
228.4143 
228.3819 
228.3494 
228.3170 
228.2845 
228.2520 
228.2195 
228.1870 
228.1544 
228.1218 
228.0892 
228.0566 
228.0240 
227.9913 
227.9586 
227.9259 
227.8932 
227.8604 
227.8276 
227.7948 
227.7620 
227.7292 
227.6963 
227.6635 
227.6306 
227.5976 
227.5647 
227.5317 
227.4987 
227.4657 
227.4327 
227.3996 
227.3665 
227.3334 
227.3003 
227.2672 
227.2340 
227.2008 
227.1676 
227.1344 
227.1011 
227.0678 
227.0345 
227.0012 
226.9679 
226.9345 
226.9011 
226.8677 
226.8343 
226.8008 
226.7673 
226.7338 
226.7003 
226.6667 
226.6332 
226.5996 
226.5659 
226.5323 
226.4986 
226.4649 
226.4312 
226.3975 
226.3637 
226.3300 
226.2962 
226.2623 
226.2285 
226.1946 
226.1607 
226.1268 
226.0928 
226.0589 
226.0249 
225.9908 
225.9568 
225.9227 
225.8887 
225.8545 
225.8204 
225.7862 
225.7521 
225.7178 
225.6836 
225.6494 
225.6151 
225.5808 
225.5464 
225.5121 
225.4777 
225.4433 
225.4089 
225.3744 
225.3400 
225.3055 
225.2709 
225.2364 
225.2018 
225.1672 
225.1326 
225.0979 
225.0633 
225.0286 
224.9938 
224.9591 
224.9243 
224.8895 
224.8547 
224.8198 
224.7850 
224.7501 
224.7151 
224.6802 
224.6452 
224.6102 
224.5752 
224.5401 
224.5051 
224.4700 
224.4348 
224.3997 
224.3645 
224.3293 
224.2940 
224.2588 
224.2235 
224.1882 
224.1529 
224.1175 
224.0821 
224.0467 
224.0112 
223.9758 
223.9403 
223.9048 
223.8692 
223.8336 
223.7980 
223.7624 
223.7268 
223.6911 
223.6554 
223.6196 
223.5839 
223.5481 
223.5123 
223.4764 
223.4406 
223.4047 
223.3687 
223.3328 
223.2968 
223.2608 
223.2248 
223.1887 
223.1526 
223.1165 
223.0804 
223.0442 
223.0080 
222.9718 
222.9355 
222.8992 
222.8629 
222.8266 
222.7902 
222.7538 
222.7174 
222.6810 
222.6445 
222.6080 
222.5714 
222.5349 
222.4983 
222.4617 
222.4250 
222.3883 
222.3516 
222.3149 
222.2781 
222.2413 
222.2045 
222.1677 
222.1308 
222.0939 
222.0569 
222.0200 
221.9830 
221.9459 
221.9089 
221.8718 
221.8347 
221.7975 
221.7604 
221.7232 
221.6859 
221.6487 
221.6114 
221.5741 
221.5367 
221.4993 
221.4619 
221.4245 
221.3870 
221.3495 
221.3120 
221.2744 
221.2368 
221.1992 
221.1615 
221.1238 
221.0861 
221.0484 
221.0106 
220.9728 
220.9349 
220.8971 
220.8592 
220.8212 
220.7833 
220.7453 
220.7072 
220.6692 
220.6311 
220.5930 
220.5548 
220.5166 
220.4784 
220.4402 
220.4019 
220.3636 
220.3252 
220.2868 
220.2484 
220.2100 
220.1715 
220.1330 
220.0945 
220.0559 
220.0173 
219.9787 
219.9400 
219.9013 
219.8625 
219.8238 
219.7850 
219.7461 
219.7073 
219.6684 
219.6294 
219.5905 
219.5515 
219.5124 
219.4734 
219.4343 
219.3951 
219.3560 
219.3168 
219.2775 
219.2383 
219.1990 
219.1596 
219.1203 
219.0808 
219.0414 
219.0019 
218.9624 
218.9229 
218.8833 
218.8437 
218.8040 
218.7644 
218.7246 
218.6849 
218.6451 
218.6053 
218.5654 
218.5255 
218.4856 
218.4456 
218.4056 
218.3656 
218.3255 
218.2854 
218.2453 
218.2051 
218.1649 
218.1246 
218.0843 
218.0440 
218.0036 
217.9632 
217.9228 
217.8823 
217.8418 
217.8013 
217.7607 
217.7201 
217.6794 
217.6387 
217.5980 
217.5572 
217.5164 
217.4756 
217.4347 
217.3938 
217.3529 
217.3119 
217.2708 
217.2298 
217.1887 
217.1475 
217.1063 
217.0651 
217.0238 
216.9826 
216.9412 
216.8998 
216.8584 
216.8170 
216.7755 
216.7340 
216.6924 
216.6508 
216.6091 
216.5674 
216.5257 
216.4839 
216.4421 
216.4003 
216.3584 
216.3165 
216.2745 
216.2325 
216.1905 
216.1484 
216.1062 
216.0641 
216.0219 
215.9796 
215.9373 
215.8950 
215.8526 
215.8102 
215.7678 
215.7253 
215.6827 
215.6401 
215.5975 
215.5549 
215.5122 
215.4694 
215.4266 
215.3838 
215.3409 
215.2980 
215.2550 
215.2120 
215.1690 
215.1259 
215.0828 
215.0396 
214.9964 
214.9531 
214.9098 
214.8665 
214.8231 
214.7797 
214.7362 
214.6927 
214.6491 
214.6055 
214.5619 
214.5182 
214.4744 
214.4306 
214.3868 
214.3429 
214.2990 
214.2550 
214.2110 
214.1670 
214.1229 
214.0787 
214.0345 
213.9903 
213.9460 
213.9017 
213.8573 
213.8129 
213.7684 
213.7239 
213.6794 
213.6348 
213.5901 
213.5454 
213.5007 
213.4559 
213.4110 
213.3661 
213.3212 
213.2762 
213.2312 
213.1861 
213.1410 
213.0958 
213.0506 
213.0053 
212.9600 
212.9146 
212.8692 
212.8237 
212.7782 
212.7327 
212.6870 
212.6414 
212.5957 
212.5499 
212.5041 
212.4582 
212.4123 
212.3663 
212.3203 
212.2743 
212.2282 
212.1820 
212.1358 
212.0895 
212.0432 
211.9968 
211.9504 
211.9039 
211.8574 
211.8108 
211.7642 
211.7175 
211.6708 
211.6240 
211.5772 
211.5303 
211.4833 
211.4363 
211.3893 
211.3422 
211.2950 
211.2478 
211.2006 
211.1532 
211.1059 
211.0584 
211.0110 
210.9634 
210.9158 
210.8682 
210.8205 
210.7727 
210.7249 
210.6771 
210.6291 
210.5812 
210.5331 
210.4850 
210.4369 
210.3887 
210.3404 
210.2921 
210.2438 
210.1953 
210.1468 
210.0983 
210.0497 
210.0010 
209.9523 
209.9035 
209.8547 
209.8058 
209.7569 
209.7079 
209.6588 
209.6097 
209.5605 
209.5112 
209.4619 
209.4126 
209.3631 
209.3137 
209.2641 
209.2145 
209.1648 
209.1151 
209.0653 
209.0155 
208.9655 
208.9156 
208.8655 
208.8154 
208.7653 
208.7151 
208.6648 
208.6144 
208.5640 
208.5135 
208.4630 
208.4124 
208.3617 
208.3110 
208.2602 
208.2094 
208.1584 
208.1074 
208.0564 
208.0053 
207.9541 
207.9028 
207.8515 
207.8001 
207.7487 
207.6972 
207.6456 
207.5940 
207.5422 
207.4905 
207.4386 
207.3867 
207.3347 
207.2827 
207.2305 
207.1783 
207.1261 
207.0738 
207.0214 
206.9689 
206.9164 
206.8638 
206.8111 
206.7583 
206.7055 
206.6526 
206.5997 
206.5466 
206.4935 
206.4404 
206.3871 
206.3338 
206.2804 
206.2269 
206.1734 
206.1198 
206.0661 
206.0124 
205.9585 
205.9046 
205.8506 
205.7966 
205.7424 
205.6882 
205.6340 
205.5796 
205.5252 
205.4707 
205.4161 
205.3614 
205.3067 
205.2519 
205.1970 
205.1420 
205.0869 
205.0318 
204.9766 
204.9213 
204.8659 
204.8105 
204.7550 
204.6994 
204.6437 
204.5879 
204.5321 
204.4761 
204.4201 
204.3640 
204.3079 
204.2516 
204.1953 
204.1388 
204.0823 
204.0257 
203.9691 
203.9123 
203.8555 
203.7985 
203.7415 
203.6844 
203.6272 
203.5700 
203.5126 
203.4552 
203.3976 
203.3400 
203.2823 
203.2245 
203.1666 
203.1087 
203.0506 
202.9925 
202.9342 
202.8759 
202.8175 
202.7590 
202.7004 
202.6417 
202.5829 
202.5240 
202.4651 
202.4060 
202.3468 
202.2876 
202.2282 
202.1688 
202.1093 
202.0497 
201.9899 
201.9301 
201.8702 
201.8102 
201.7501 
201.6899 
201.6296 
201.5692 
201.5087 
201.4481 
201.3874 
201.3266 
201.2657 
201.2047 
201.1436 
201.0824 
201.0211 
200.9597 
200.8982 
200.8366 
200.7749 
200.7131 
200.6512 
200.5891 
200.5270 
200.4648 
200.4024 
200.3400 
200.2774 
200.2148 
200.1520 
200.0891 
200.0262 
199.9631 
199.8999 
199.8366 
199.7731 
199.7096 
199.6460 
199.5822 
199.5183 
199.4544 
199.3903 
199.3261 
199.2617 
199.1973 
199.1328 
199.0681 
199.0033 
198.9384 
198.8734 
198.8083 
198.7430 
198.6776 
198.6121 
198.5465 
198.4808 
198.4149 
198.3490 
198.2829 
198.2167 
198.1503 
198.0839 
198.0173 
197.9506 
197.8837 
197.8167 
197.7497 
197.6824 
197.6151 
197.5476 
197.4800 
197.4123 
197.3444 
197.2764 
197.2083 
197.1401 
197.0717 
197.0031 
196.9345 
196.8657 
196.7968 
196.7277 
196.6585 
196.5892 
196.5197 
196.4501 
196.3804 
196.3105 
196.2404 
196.1703 
196.1000 
196.0295 
195.9589 
195.8882 
195.8173 
195.7463 
195.6751 
195.6038 
195.5323 
195.4607 
195.3889 
195.3170 
195.2449 
195.1727 
195.1004 
195.0278 
194.9552 
194.8823 
194.8094 
194.7362 
194.6629 
194.5895 
194.5159 
194.4421 
194.3682 
194.2941 
194.2198 
194.1454 
194.0708 
193.9961 
193.9212 
193.8461 
193.7709 
193.6955 
193.6199 
193.5442 
193.4682 
193.3922 
193.3159 
193.2395 
193.1629 
193.0861 
193.0091 
192.9320 
192.8547 
192.7772 
192.6995 
192.6217 
192.5436 
192.4654 
192.3870 
192.3084 
192.2297 
192.1507 
192.0716 
191.9922 
191.9127 
191.8330 
191.7531 
191.6730 
191.5927 
191.5122 
191.4315 
191.3506 
191.2695 
191.1882 
191.1067 
191.0250 
190.9431 
190.8610 
190.7787 
190.6962 
190.6134 
190.5305 
190.4474 
190.3640 
190.2804 
190.1966 
190.1126 
190.0284 
189.9439 
189.8592 
189.7743 
189.6892 
189.6039 
189.5183 
189.4325 
189.3465 
189.2602 
189.1737 
189.0870 
189.0000 
188.9128 
188.8254 
188.7377 
188.6498 
188.5616 
188.4732 
188.3845 
188.2956 
188.2064 
188.1170 
188.0274 
187.9374 
187.8473 
187.7568 
187.6661 
187.5752 
187.4839 
187.3924 
187.3007 
187.2086 
187.1163 
187.0238 
186.9309 
186.8378 
186.7444 
186.6507 
186.5567 
186.4624 
186.3679 
186.2731 
186.1779 
186.0825 
185.9868 
185.8908 
185.7944 
185.6978 
185.6009 
185.5036 
185.4061 
185.3082 
185.2100 
185.1115 
185.0127 
184.9136 
184.8141 
184.7143 
184.6142 
184.5138 
184.4130 
184.3119 
184.2104 
184.1086 
184.0064 
183.9039 
183.8011 
183.6979 
183.5943 
183.4904 
183.3861 
183.2814 
183.1764 
183.0710 
182.9652 
182.8591 
182.7525 
182.6456 
182.5383 
182.4306 
182.3225 
182.2140 
182.1051 
181.9958 
181.8861 
181.7759 
181.6654 
181.5544 
181.4430 
181.3312 
181.2189 
181.1062 
180.9931 
180.8795 
180.7655 
180.6510 
180.5361 
180.4207 
180.3048 
180.1885 
180.0716 
179.9544 
179.8366 
179.7183 
179.5995 
179.4803 
179.3605 
179.2402 
179.1195 
178.9981 
178.8763 
178.7539 
178.6310 
178.5076 
178.3836 
178.2591 
178.1340 
178.0083 
177.8821 
177.7553 
177.6279 
177.4999 
177.3713 
177.2421 
177.1123 
176.9819 
176.8509 
176.7192 
176.5869 
176.4540 
176.3204 
176.1861 
176.0512 
175.9156 
175.7793 
175.6424 
175.5047 
175.3663 
175.2272 
175.0874 
174.9468 
174.8055 
174.6635 
174.5207 
174.3771 
174.2327 
174.0876 
173.9416 
173.7948 
173.6472 
173.4988 
173.3495 
173.1994 
173.0484 
172.8965 
172.7437 
172.5900 
172.4354 
172.2799 
172.1234 
171.9660 
171.8076 
171.6482 
171.4878 
171.3264 
171.1639 
171.0005 
170.8359 
170.6703 
170.5036 
170.3358 
170.1668 
169.9967 
169.8254 
169.6530 
169.4793 
169.3045 
169.1284 
168.9510 
168.7723 
168.5923 
168.4110 
168.2284 
168.0443 
167.8589 
167.6720 
167.4837 
167.2939 
167.1026 
166.9098 
166.7154 
166.5194 
166.3218 
166.1225 
165.9216 
165.7189 
165.5145 
165.3082 
165.1002 
164.8902 
164.6784 
164.4646 
164.2489 
164.0311 
163.8112 
163.5892 
163.3650 
163.1386 
162.9099 
162.6789 
162.4456 
162.2097 
161.9714 
161.7305 
161.4870 
161.2408 
160.9918 
160.7400 
160.4853 
160.2275 
159.9667 
159.7028 
159.4356 
159.1650 
158.8910 
158.6134 
158.3322 
158.0473 
157.7584 
157.4655 
157.1685 
156.8672 
156.5615 
156.2512 
155.9362 
155.6163 
155.2913 
154.9610 
154.6252 
154.2838 
153.9364 
153.5829 
153.2230 
152.8563 
152.4828 
152.1019 
151.7134 
151.3170 
150.9122 
150.4986 
150.0758 
149.6433 
149.2006 
148.7470 
148.2821 
147.8051 
147.3152 
146.8117 
146.2936 
145.7601 
145.2099 
144.6418 
144.0545 
143.4464 
142.8158 
142.1608 
141.4789 
140.7677 
140.0241 
139.2446 
138.4249 
137.5602 
136.6445 
135.6703 
134.6286 
133.5080 
132.2935 
130.9656 
129.4973 
127.8505 
125.9681 
123.7589 
121.0618 
117.5465 
112.3209 
99.9780 
NaN
NaN
NaN
NaN
NaN
NaN
NaN
NaN
NaN
NaN
NaN
NaN
NaN
NaN
NaN
NaN
NaN
NaN
NaN
NaN
NaN
NaN
NaN
NaN
NaN
NaN
NaN
NaN
NaN
NaN
NaN
NaN
NaN
NaN
NaN
NaN
NaN
NaN
NaN
































































































































































































































































































































































































































































































































































































































































































































































































































































































































































































































































































































































































































































































































































































































































































































































































































































































































































































































































































































































































































































































































































































































































































































































































































































































































































































































































































































































































































































































































































































































































































































































































































































































































































































































































































































































































































































































































































































































































































































































































































































































































































































































































































































































































































































































































































































































































































































































































































































































































































































































































































































































































































































































































































































































































































































































































































































































































































































































































































































































































































































































































































































































































































































































































































































































































































































































































































































































































































































































































































































































































































































































































































































































































































































































































































































































































































































































































































































































































































































































































































































































































































































































































































































































































































































































































